
44
560
50
520
44
1120
164
430
164
430
83
370
101
320
112
290
136
250
112
290
83
370
44
1120
50
520
44
560
33
1320
136
500
136
500
33
660
44
560
50
1040
83
740
83
740
65
440
50
520
44
560
50
520
65
440
83
370
65
440
83
370
101
320
112
290
101
320
112
290
136
250
164
215
180
400
900
40
256
146
215
170
164
215
180
200
136
250
164
215
112
290
136
250
101
320
112
290
164
215
900
40
164
215
900
40
83
370
101
320
112
290
83
370
44
560
83
370
112
290
83
370
44
560
83
370
65
880
101
640
101
640
65
440
83
370
90
345
65
440
33
660
65
440
90
345
65
440
33
660
65
440
50
1040
83
370
900
40
83
370
900
40
101
320
112
290
101
320
83
370
65
440
83
370
101
320
112
290
136
250
112
290
101
320
112
290
136
250
164
215
180
400
900
40
256
146
215
170
164
215
180
200
136
250
164
215
112
290
136
250
101
320
112
290
164
215
900
40
164
215
900
40
-1
