
80  832
45 1818
900 40
45  606
900 40
45 1212
27 1580
36 2058
45  606
36 1372
27 1580
45 1818
900 40
45  606
27 1580
16 1944
10 3330
10 3330
 1 2828
16 2916
27  790
900 40
27 1580
45 1212
36 2058
45  606
36 1372
27 1580
45 1818
66  476
900 40
66 1428
80  416
45 1818
45 1818
10 2220
16  972
27 2370
900 40
27 2370
45  606
36 2058
45  606
36 1372
27 1580
16  972
27 2370
900 40
27 2370
16  972
10 3330
10 3330
 1 2828
16 2916
27  790
27 1580
45 1212
36 2058
45  606
36 1372
27 1580
45 1818
66  476
900 40
66 1428
80  416
45 1818
45 1818
10 2220
16  972
27 2370
900 40
27 2370
45  606
36 2058
45  606
36 1372
27 1580
16  972
27 2370
900 40
27 2370
16  972
10 3330
10 3330
 1 2828
16 2916
27  790
27 1580
45 1212
36 2058
45  606
36 1372
27 1580
45 1818
66  476
900 40
66 1428
80  416
45 1818
45 1818
     -1
