
51 1124
27 1580
13 2072
 4 2592
13 2072
27 1580
27 1580
19 1828
10 2220
19 1828
31 1480
51 1124
51 1124
27 1580
13 2072
27 1580
40 1296
66  952
40 1296
51 1124
27 1580
31 1480
27 3160
51 1124
27 1580
13 2072
 4 2592
13 2072
27 1580
27 1580
19 1828
10 2220
19 1828
31 1480
51 1124
51 1124
27 1580
13 2072
27 1580
40 1296
66  952
40 1296
51 1124
27 1580
31 1480
27 3160
51 1124
27 1580
13 2072
 4 2592
 4 2592
10 2220
13 2072
19 1828
10 2220
10 2220
10 2220
13 2072
19 1828
27 1580
13 2072
13 2072
13 2072
19 1828
27 1580
19 1828
 4 3240
 7 2990
 4 5832
900 40
51 1124
27 1580
13 2072
 4 2592
13 2072
27 1580
27 1580
19 1828
10 2220
19 1828
31 1480
51 1124
51 1124
27 1580
13 2072
27 1580
40 1296
66  952
40 1296
51 1124
27 1580
31 1480
27 3160
27 3160
     -1
