
36 2058
40  648
51 1686
40  648
36 1372
27 1580
19 1828
36 1372
16 1944
19 1828
27 1580
36 1372
40 1296
51 1124
40 1296
66  952
36 2058
40  648
51 1686
40  648
36 1372
27 1580
19 1828
 4 2592
10  555
19 2285
27 1975
19  457
36 2744
900 40
36 2058
40  648
51 1686
40  648
36 1372
27 1580
19 1828
36 1372
16 1944
19 1828
27 1580
36 1372
40 1296
51 1124
40 1296
66  952
36 2058
40  648
51 1686
40  648
36 1372
27 1580
19 1828
 4 2592
10  555
19 2285
27 1975
19  457
36 2744
900 40
900 40
27 2370
36  686
40 1944
36  686
27 1580
27 1580
900 40
900 40
10 3330
16  972
19 2742
16  972
10 2220
10 2220
900 40
900 40
10 3330
16  972
19 2742
16  972
10 3330
16  972
19 2742
16  972
10 1110
 4 1296
10 1110
16  972
19  914
27  790
19  914
16  972
10 2220
10 2220
900 40
900 40
10 2220
 4 2592
 4 2592
10 2220
10 2220
16 1944
16 1944
19 1828
19 1828
27 1580
16 1458
19  457
27 1580
36 1372
40 1296
51 1124
40 1296
66  952
36 2058
40  648
51 1686
40  648
36 1372
27 1580
19 1828
 4 2592
10  555
19 2285
27 1975
19  457
36 2744
     -1
