
58 1036
36 1372
45 1212
58 1036
23 1696
31 1480
36 1372
 7 2392
 7 2392
16  972
10 1110
 7 4784
16 1944
23 1696
36 1372
58 1036
58 1036
66  952
58 1036
36 1372
45 1212
45 1212
45 2424
900 40
23 1696
23 1696
23 1696
36  686
31  740
23 1696
23 1696
16  972
10 1110
 7 2392
 7 2392
16  972
10 1110
 7 4784
900 40
16 1944
23 1696
36 1372
58 1036
45 1212
36 1372
45 1212
58 2072
58 2072
900 40
900 40
23 3392
23 3392
900 40
 7 4784
 7 4784
900 40
23 1696
36 1372
58 1036
58 1036
66  952
58 1036
45 2424
900 40
23 1696
23 3392
36  686
31  740
23 3392
900 40
 7 2392
 7 4784
16  972
10 1110
 7 4784
900 40
16 1944
23 1696
36 1372
58 1036
45 1212
36 1715
45 1212
58 2072
58 2072
     -1
