
40  972
36  343
27 1580
27 1185
40  324
27 2765
19  457
27 1185
36  343
40  972
51  281
66  952
27 1185
27  395
19 1828
36 1372
10 2220
13 1554
19  457
27 2370
27 2370
19 1371
13  518
10 2220
10 1665
10  555
10 1665
13  518
27 1185
40  324
36 1029
40  324
36 1029
27  395
19 1828
13 1554
10  555
27 1580
27 1185
40  324
27 1185
36  343
51  843
40  324
66  714
51  281
40  972
36  343
27 1580
10 1665
19  457
27 1580
27 1185
40  324
27 1185
36  343
51  843
40  324
66 1428
66 1428
40  972
36  343
27 1580
40 1296
27 1185
36  343
51  843
80  208
66 1428
66 1428
66  714
66  238
19 1828
36 1372
10 2220
13 1554
19  457
27 2370
27 2370
19 1371
13  518
10 2220
10 1665
10  555
10 1665
13  518
27 1185
40  324
36 1029
40  324
36 1029
27  395
19 1828
13 1554
10  555
27 1580
27 1185
40  324
27 1185
36  343
51  843
40  324
66  714
51  281
40  972
36  343
27 1580
10 1665
19  457
27 1580
27 1185
40  324
27 1185
36  343
51  843
40  324
66 1428
66 1428
     -1
