
77 8
5 8
9 8
12 16
10 8
14 16
19 8
17 8
21 8
24 16
22 8
26 16
31 8
29 8
33 8
36 16
34 8
36 8
37 8
38 32
14 16
31 8
30 8
29 8
21 16
29 8
21 16
29 8
21 48
9 8
7 8
6 8
5 8
9 8
7 8
5 16
10 8
7 16
9 48
31 8
30 8
29 8
21 16
29 8
21 16
29 8
21 56
12 8
14 8
15 8
12 8
9 8
5 16
7 8
9 8
12 8
7 48
31 8
30 8
29 8
21 16
29 8
21 16
29 48
9 8
7 8
6 8
5 8
9 8
7 8
5 16
10 8
7 16
9 48
9 8
7 8
5 8
9 8
7 8
5 16
9 8
7 8
9 8
5 8
9 8
7 8
5 16
9 8
7 8
9 8
5 8
9 8
7 8
5 16
10 8
7 16
9 48
31 8
30 8
29 8
21 16
29 8
21 16
29 8
21 48
9 8
7 8
6 8
5 8
9 8
7 8
5 16
10 8
7 16
9 48
31 8
30 8
29 8
21 16
29 8
21 16
29 8
21 56
12 8
14 8
15 8
12 8
9 8
5 16
7 8
9 8
12 8
7 48
31 8
30 8
29 8
21 16
29 8
21 16
29 48
9 8
7 8
6 8
5 8
9 8
7 8
5 16
10 8
7 16
9 48
9 8
7 8
5 8
9 8
7 8
5 16
9 8
7 8
9 8
5 8
9 8
7 8
5 16
9 8
7 8
9 8
5 8
9 8
7 8
5 16
10 8
7 16
9 40
17 8
16 8
15 8
14 16
12 8
14 16
17 8
16 8
15 8
14 16
12 8
14 16
17 8
21 8
26 8
24 8
22 8
21 8
19 8
17 8
19 8
21 8
19 8
26 8
17 8
16 8
14 8
12 8
14 8
17 8
16 8
14 16
12 8
14 16
17 8
16 8
15 8
14 16
12 8
14 16
14 8
12 8
11 8
10 8
10 16
10 16
12 8
15 8
19 8
14 40
17 8
16 8
15 8
14 16
12 8
14 16
17 8
16 8
15 8
14 16
12 8
14 16
17 8
21 8
26 8
24 8
22 8
21 8
19 8
17 8
19 8
21 8
19 8
21 40
26 8
27 8
26 8
21 16
24 8
21 16
24 8
21 8
24 8
26 8
21 8
17 8
14 16
17 8
21 8
26 8
24 16
21 16
17 8
19 16
21 48
17 8
16 8
15 8
14 16
12 8
14 16
17 8
16 8
15 8
14 16
12 8
14 16
17 8
21 8
26 8
24 8
22 8
21 8
19 8
17 8
19 8
21 8
19 8
26 8
17 8
16 8
14 8
12 8
14 8
17 8
16 8
14 16
12 8
14 16
17 8
16 8
15 8
14 16
12 8
14 16
14 8
12 8
11 8
10 8
10 16
10 16
12 8
15 8
19 8
14 40
17 8
16 8
15 8
14 16
12 8
14 16
17 8
16 8
15 8
14 16
12 8
14 16
17 8
21 8
26 8
24 8
22 8
21 8
19 8
17 8
19 8
21 8
19 8
21 40
26 8
27 8
26 8
21 16
24 8
21 16
24 8
21 8
24 8
26 8
21 8
17 8
14 16
17 8
21 8
26 8
24 16
21 16
17 8
19 16
21 64


