
( 32)[000000000000000000000]
( 33)[577]
( 34)[007000007]
( 35)[460776461461402400]
( 36)[216421777777421342]
( 37)[407205107040020010704502701]
( 38)[356421451506200500]
( 39)[004002001]
( 40)[174202401]
( 41)[401202174]
( 42)[202104050777050104202]
( 43)[020020020376020020020]
( 44)[540340]
( 45)[020020020020020020020]
( 46)[600600]
( 47)[400200100040020010004002001]
( 48)[174202401401401202174]
( 49)[402777400]
( 50)[602501441421411406]
( 51)[202401421421421356]
( 52)[020030024022777020]
( 53)[437421421421421341]
( 54)[376421421421421342]
( 55)[003401201101041021017]
( 56)[356421421421421356]
( 57)[216421421421421376]
( 58)[606606]
( 59)[546346]
( 60)[020050104202401]
( 61)[104104104104104104104]
( 62)[401202104050020]
( 63)[760000340420420340]
( 64)[001002004]
( 65)[776021021021021776]
( 66)[777421421421421356]
( 67)[376401401401401202]
( 68)[777401401401401376]
( 69)[777421421421401]
( 70)[777021021021001]
( 71)[376401401401441342040]
( 72)[777020020020020777]
( 73)[401777401]
( 74)[201401401377001001001]
( 75)[777020050104202401]
( 76)[777400400400400400]
( 77)[777002004030004002777]
( 78)[777004010020040100777]
( 79)[376401401401401401376]
( 80)[777021021021021016]
( 81)[174202401401501202574]
( 82)[777021061121221416]
( 83)[216421421421421342]
( 84)[001001001777001001001]
( 85)[377400400400400377]
( 86)[077100200400200100077]
( 87)[377400200100200400377]
( 88)[603104050020050104603]
( 89)[001002004770004002001]
( 90)[601501441421411405403]
( 91)[777401401401]
( 92)[460776461461402400]
( 93)[401401401777]
( 94)[004002777002004]
( 95)[020070124020020020020]
( 96)[001002004]
( 97)[740120120740]
( 98)[760520520240]
( 99)[340420420240]
(100)[760420420340]
(101)[760520520420]
(102)[760120120020]
(103)[340420620640200]
(104)[760100100760]
(105)[420760420]
(106)[220420360020020]
(107)[760100240420]
(108)[760400400400]
(109)[760040100040760]
(110)[760040100200760]
(111)[340420420340]
(112)[760120120040]
(113)[340420620740400]
(114)[760120320440]
(115)[440520520220]
(116)[020020760020020]
(117)[360400400360]
(118)[160200400200160]
(119)[360400200400360]
(120)[420240100240420]
(121)[020040700040020]
(122)[420620520460420]
<! Halt !>