181       321
160       352
141       391
61      1440
141       391
61      1440
141       391
61      4320
61       720
45       900
40       947
36      1000
61       720
45       900
36      2000
67       692
45      1800
61      4320
181       321
160       352
141       391
61      1440
141       391
61      1440
141       391
61      4320
81       599
104       500
115       461
81       599
61       720
36      2000
45       900
61       720
81       599
45      5400
181       321
160       352
141       391
61      1440
141       391
61      1440
141       391
61      4320
61       720
45       900
40       947
36      1000
61       720
45       900
36      2000
67       692
45      1800
61      4320
61       720
45       900
36      1000
61       720
45       900
36      2000
61       720
45       900
61       720
36      1000
61       720
45       900
36      2000
61       720
45       900
61       720
36      1000
61       720
45       900
36      2000
67       692
45      1800
61      4320
181       321
160       352
141       391
61      1440
141       391
61      1440
141       391
61      4320
61       720
45       900
40       947
36      1000
61       720
45       900
36      2000
67       692
45      1800
61      4320
181       321
160       352
141       391
61      1440
141       391
61      1440
141       391
61      4320
81       599
104       500
115       461
81       599
61       720
36      2000
45       900
61       720
81       599
45      5400
181       321
160       352
141       391
61      1440
141       391
61      1440
141       391
61      4320
61       720
45       900
40       947
36      1000
61       720
45       900
36      2000
67       692
45      1800
61      4320
61       720
45       900
36      1000
61       720
45       900
36      2000
61       720
45       900
61       720
36      1000
61       720
45       900
36      2000
61       720
45       900
61       720
36      1000
61       720
45       900
36      2000
67       692
45      1800
61      4320
141       391
127       428
115       461
104      1000
81       599
104      1000
141       391
127       428
115       461
104      1000
81       599
104      1000
36      1000
61       720
104       500
81       599
67       692
61       720
45       900
36      1000
45       900
61       720
45       900
104       500
36      1000
31      1058
23      1200
16      1384
23      1200
36      1000
31      1058
104      1000
81       599
104      1000
141       391
127       428
115       461
104      1000
81       599
104      1000
23      1200
16      1384
13      1499
10      1636
10      3272
10      3272
16      1384
27      1125
45       900
23      6000
141       391
127       428
115       461
104      1000
81       599
104      1000
141       391
127       428
115       461
104      1000
81       599
104      1000
36      1000
61       720
104       500
81       599
67       692
61       720
45       900
36      1000
45       900
61       720
45       900
61      3600
104       500
115       461
104       500
61      1440
81       599
61      1440
81       599
61       720
81       599
104       500
61       720
36      1000
23      2400
36      1000
61       720
104       500
81      1199
61      1440
36      1000
45      1800
61      4320
141       391
127       428
115       461
104      1000
81       599
104      1000
141       391
127       428
115       461
104      1000
81       599
104      1000
36      1000
61       720
104       500
81       599
67       692
61       720
45       900
36      1000
45       900
61       720
45       900
104       500
36      1000
31      1058
23      1200
16      1384
23      1200
36      1000
31      1058
104      1000
81       599
104      1000
141       391
127       428
115       461
104      1000
81       599
104      1000
23      1200
16      1384
13      1499
10      1636
10      3272
10      3272
16      1384
27      1125
45       900
23      6000
141       391
127       428
115       461
104      1000
81       599
104      1000
141       391
127       428
115       461
104      1000
81       599
104      1000
36      1000
61       720
104       500
81       599
67       692
61       720
45       900
36      1000
45       900
61       720
45       900
61      3600
104       500
115       461
104       500
61      1440
81       599
61      1440
81       599
61       720
81       599
104       500
61       720
36      1000
23      2400
36      1000
61       720
104       500
81      1199
61      1440
36      1000
45      1800
61      4320
16      1384
19      1285
16      5538
7      3312
2      3600
74       642
81       599
74       642
61       720
45      1800
31      1058
36      1000
31      4235
16      2769
13      2999
104       500
115       461
104       500
81       599
74       642
23      1200
45      1800
23      1200
45      1800
23      1200
45      1800
61      2880
31      4235
36      1000
19      1285
10      1636
0      3999
2      1800
10      1636
7      1656
16      5538
13      5999
16      1384
19      1285
16      5538
7      3312
2      3600
74       642
81       599
74       642
61       720
45      1800
31      1058
36      1000
31      4235
16      2769
13      2999
104       500
115       461
104       500
81       599
74       642
23      1200
45      1800
23      1200
45      1800
23      1200
45      1800
61      2880
31      3176
31      1058
16      1384
7      3312
23      2400
61       720
45       900
36      1000
31      2117
67       692
61       720
45       900
36      1000
31      1058
23      1200
16      1384
19      1285
16      5538
7      3312
2      3600
74       642
81       599
74       642
61       720
45      1800
31      1058
36      1000
31      4235
16      2769
13      2999
104       500
115       461
104       500
81       599
74       642
23      1200
45      1800
23      1200
45      1800
23      1200
45      1800
61      2880
31      4235
36      1000
19      1285
10      1636
0      3999
2      1800
10      1636
7      1656
16      5538
13      5999
16      1384
19      1285
16      5538
7      3312
2      3600
74       642
81       599
74       642
61       720
45      1800
31      1058
36      1000
31      4235
16      2769
13      2999
104       500
115       461
104       500
81       599
74       642
23      1200
45      1800
23      1200
45      1800
23      1200
45      1800
61      2880
31      3176
31      1058
16      1384
7      3312
23      1200
61       720
45       900
36      1000
31      2117
31      4235
61      1440
81       599
61      1440
81       599
61       720
81       599
104       500
61       720
36      1000
23      2400
36      1000
61       720
104       500
81      1199
61      1440
36      1000
45      1800
61      3600
7      3312
127       857
141       391
127       857
141       391
127      1285
81       599
45       900
16      1384
61       720
45       900
61       720
81       599
104      1000
115       461
104      1000
115       461
104      1500
61       720
36      1000
61       720
45       900
36      1000
45       900
61       720
45      1800
51       817
45      1800
51       817
45      2700
31      1058
16      1384
31      1058
23      1200
16      1384
23      1200
31      1058
7      1656
7      1656
61      2880
16      2769
23      2400
104       500
104       500
104      1000
104      1000
127       428
141       391
127       857
141       391
127      1285
81       599
45       900
16      1384
61       720
45       900
61       720
81       599
104      1000
115       461
104      1000
115       461
104      1500
61       720
36      1000
61       720
81       599
92       545
81       599
23      2400
31      2117
61       720
36      1000
40       947
36      1000
16      2769
7      1656
23      1200
36      1000
61      1440
61      1440
36      1000
45      1800
61      2160
104       500
104       500
104      1000
104      1000
127       857
141       391
127       857
141       391
127      1285
81       599
45       900
16      1384
61       720
45       900
61       720
81       599
104      1000
115       461
104      1000
115       461
104      1500
61       720
36      1000
61       720
45       900
36      1000
45       900
61       720
45      1800
51       817
45      1800
51       817
45      2700
31      1058
16      1384
31      1058
23      1200
16      1384
23      1200
31      1058
7      1656
7      1656
61      2880
16      2769
23      2400
104       500
104       500
104      1000
104      1000
127       428
141       391
127       857
141       391
127      1285
81       599
45       900
16      1384
61       720
45       900
61       720
81       599
104      1000
115       461
104      1000
115       461
104      1500
61       720
36      1000
61       720
81       599
92       545
81       599
23      2400
31      2117
61       720
36      1000
40       947
36      1000
16      2769
7      1656
23      1200
36      1000
61      1440
61      1440
36      1000
45      1800
61      2160
7      6624

-1-