
((DOUBLE-LENGTH MATHEMATICAL SUBROUTINES, 15/12/69)

((D/L SINE & COSINE SUBROUTINE)

[QDASIN QDLA]

QDASIN
(0;)     +0
(1;)     1    88;
(2;)     5    96;
(3;)     6    97;
(4;)     5    98;
(5;)     11   QDLA+20
(6;)     8    QDLA+21
(7;)     4    98;
(8;)     2    88;
(9;)     5    100;
(10;)    12   100;
(11;)    1    90;
(12;)    5    98;
(13;)    14   2
(14;)    5    102;
(15;)    4    92;
(16;)    5    104;
(17;)    +0
(18;)    4    94;
(19;)    5    95;
(20;)    11   QDLA+20
(21;)    8    QDLA+21
(22;)    0    95;
(23;)    4    104;
(24;)    /1   86;
(25;)    12   102;
(26;)    5    104;
(27;)    +0
(28;)    10   95;
(29;)    10   95;
(30;)    4    95;
(31;)    9    20;
(32;)    11   QDLA+20
(33;)    8    QDLA+21
(34;)    4    104;
(35;)    2    86;
(36;)    12   100;
(37;)    13   98;
(38;)    5    98;
(39;)    12   98;
(40;)    1    88;
(41;)    14   1
(42;)    5    100;
(43;)    1    90;
(44;)    14   8191
(45;)    13   100;
(46;)    5    102;
(47;)    4    98;
(48;)    13   100;
(49;)    5    104;
(50;)    +0
(51;)    4    96;
(52;)    9    63;
(53;)    11   QDLA+20
(54;)    8    QDLA+21
(55;)    4    102;
(56;)    2    92;
(57;)    5    102;
(58;)    4    104;
(59;)    2    92;
(60;)    5    104;
(61;)    +0
(62;)    4    96;
(63;)    1    96;
(64;)    9    74;
(65;)    11   QDLA+20
(66;)    8    QDLA+21
(67;)    4    104;
(68;)    5    100;
(69;)    4    102;
(70;)    5    104;
(71;)    4    100;
(72;)    2    92;
(73;)    5    102;
(74;)    4    102;
(75;)    +0
(76;)    0    0;
(77;)    /8   1
(78;)    +0
(79;)    0    5875
(80;)    +1
(81;)    10   7784
(82;)    0    69
(83;)    0    256
(84;)    0    4568
(85;)    15   4976
(86;)    12   4639
(87;)    11   2696
(88;)    4    0
(89;)    +0
(90;)    /0   0
(91;)    +0
(92;)    +0
(93;)    +0
(94;)    -8
(95;)    +0
(96;)    +0
(97;)    7    8191
(98;)    +0
(99;)    +0
(100;)   +0
(101;)   +0
(102;)   +0
(103;)   +0
(104;)   +0
(105;)   +0

((D/L SQUARE ROOT SUBROUTINE)

[QDASQRT QDLA QDMERR]

QDASQRT
(0;)     +0
(1;)     11   QDLA+20
(2;)     8    QDLA+21
(3;)     4    44;
(4;)     7    32;
(5;)     9    36;
(6;)     4    42;
(7;)     5    46;
(8;)     2    44;
(9;)     7    33;
(10;)    4    44;
(11;)    13   46;
(12;)    1    46;
(13;)    9    23;
(14;)    1    50;
(15;)    14   8191
(16;)    5    48;
(17;)    2    46;
(18;)    7    33;
(19;)    9    33;
(20;)    4    48;
(21;)    5    46;
(22;)    8    10;
(23;)    +0
(24;)    6    42;
(25;)    5    QDLA+16
(26;)    11   QDLA+20
(27;)    8    QDLA+21
(28;)    1    50;
(29;)    14   8191
(30;)    1    40;
(31;)    8    16;
(32;)    5    46;
(33;)    +0
(34;)    0    0;
(35;)    /8   1
(36;)    +0
(37;)    4    +1
(38;)    8    QDMERR
(39;)    >1            (Spare)
(40;)    8    0
(41;)    +0
(42;)    15   8191
(43;)    15   8191
(44;)    +0
(45;)    +0
(46;)    +0
(47;)    +0
(48;)    +0
(49;)    +0
(50;)    +0
(51;)    +1
(52;)    +18

((D/L ARCTAN SUBROUTINE)

[QDAATAN QDLA QDMERR]

QDAATAN
(0;)     +0
(1;)     11   QDLA+20
(2;)     8    QDLA+21
(3;)     4    109;
(4;)     5    142;
(5;)     5    146;
(6;)     5    148;
(7;)     4    136;
(8;)     7    81;
(9;)     9    153;
(10;)    2    109;
(11;)    5    144;
(12;)    4    138;
(13;)    7    106;
(14;)    9    ;+2
(15;)    2    109;
(16;)    2    144;
(17;)    9    89;
(18;)    7    93;
(19;)    4    136;
(20;)    13   138;
(21;)    5    140;
(22;)    9    104;
(23;)    5    144;
(24;)    12   132;
(25;)    1    134;
(26;)    5    142;
(27;)    4    134;
(28;)    2    144;
(29;)    13   142;
(30;)    5    144;
(31;)    12   144;
(32;)    5    146;
(33;)    4    117;
(34;)    5    142;
(35;)    +0
(36;)    4    150;
(37;)    5    151;
(38;)    11   QDLA+20
(39;)    8    QDLA+21
(40;)    0    151;
(41;)    4    142;
(42;)    12   146;
(43;)    /1   131;
(44;)    5    142;
(45;)    +0
(46;)    10   151;
(47;)    10   151;
(48;)    4    151;
(49;)    9    38;
(50;)    11   QDLA+20
(51;)    8    QDLA+21
(52;)    4    142;
(53;)    12   144;
(54;)    1    111;
(55;)    5    142;
(56;)    4    148;
(57;)    7    ;+4
(58;)    4    142;
(59;)    2    113;
(60;)    5    142;
(61;)    4    138;
(62;)    9    73;
(63;)    4    140;
(64;)    9    77;
(65;)    4    142;
(66;)    14   8191
(67;)    5    146;
(68;)    +0
(69;)    6    131;
(70;)    5    146;
(71;)    0    0;
(72;)    /8   1
(73;)    4    142;
(74;)    1    115;
(75;)    5    142;
(76;)    8    63;
(77;)    4    142;
(78;)    2    109;
(79;)    5    142;
(80;)    8    65;
(81;)    5    140;
(82;)    4    138;
(83;)    7    ;+2
(84;)    8    62;
(85;)    +0
(86;)    4    +2
(87;)    8    QDMERR
(88;)    >1            (Spare)
(89;)    4    138;
(90;)    13   136;
(91;)    10   148;
(92;)    8    21;
(93;)    5    140;
(94;)    4    136;
(95;)    1    138;
(96;)    7    ;+2
(97;)    8    ;+3
(98;)    4    115;
(99;)    5    140;
(100;)   4    113;
(101;)   14   8191
(102;)   5    142;
(103;)   8    61;
(104;)   2    109;
(105;)   8    23;
(106;)   4    136;
(107;)   5    140;
(108;)   8    58;
(109;)   +0
(110;)   +0
(111;)   2    0
(112;)   +0
(113;)   8    0
(114;)   +0
(115;)   /0   0
(116;)   +0
(117;)   +0
(118;)   0    2630
(119;)   /15  8191
(120;)   12   4584
(121;)   +1
(122;)   10   3349
(123;)   /15  8179
(124;)   8    4755
(125;)   +101
(126;)   11   7350
(127;)   /15  7203
(128;)   10   2999
(129;)   2    897
(130;)   9    7103
(131;)   +131071
(132;)   2    6104
(133;)   6    3264
(134;)   6    5139
(135;)   12   6560
(136;)   +0
(137;)   +0
(138;)   +0
(139;)   +0
(140;)   +0
(141;)   +0
(142;)   +0
(143;)   +0
(144;)   +0
(145;)   +0
(146;)   +0
(147;)   +0
(148;)   +0
(149;)   +0
(150;)   -12
(151;)   +0
(152;)   +0
(153;)   1    115;
(154;)   7    ;+4
(155;)   4    136;
(156;)   9    11;
(157;)   8    10;
(158;)   4    138;
(159;)   1    115;
(160;)   7    ;+2
(161;)   8    ;-6
(162;)   4    165;
(163;)   5    142;
(164;)   8    66;
(165;)   /4   0
(166;)   +0

((ERROR INDICATIONS)

[QDMERR ERRORL ERRORE]

QDMERR   0    +0
         14   6
         1    £ 0.
         5    ERRNO
         11   ERRORL
         8    ERRORE
         £QDM
         £ ER
         £ROR
ERRNO    >1
<! Halt !>