
((SINGLE-LENGTH MATHEMATICAL SUBROUTINES, 15/12/69)

((SINE & COSINE SUBROUTINE)

[QSIN]

QSIN
(0;)     +0
(1;)     1    59;
(2;)     5    66;
(3;)     6    60;
(4;)     5    70;
(5;)     4    59;
(6;)     2    70;
(7;)     5    67;
(8;)     12   67;
(9;)     1    61;
(10;)    5    68;
(11;)    14   2
(12;)    5    69;
(13;)    12   63;
(14;)    1    62;
(15;)    14   8185
(16;)    1    64;
(17;)    12   69;
(18;)    1    62;
(19;)    14   8189
(20;)    2    65;
(21;)    12   67;
(22;)    13   68;
(23;)    2    73;
(24;)    5    67;
(25;)    1    67;
(26;)    12   67;
(27;)    1    59;
(28;)    1    59;
(29;)    5    72;
(30;)    4    67;
(31;)    13   72;
(32;)    5    68;
(33;)    4    72;
(34;)    1    61;
(35;)    14   8191
(36;)    13   72;
(37;)    5    67;
(38;)    4    66;
(39;)    9    47;
(40;)    4    67;
(41;)    2    71;
(42;)    5    67;
(43;)    4    68;
(44;)    2    71;
(45;)    5    68;
(46;)    4    66;
(47;)    1    66;
(48;)    9    56;
(49;)    4    68;
(50;)    5    72;
(51;)    4    67;
(52;)    5    68;
(53;)    4    72;
(54;)    2    71;
(55;)    5    67;
(56;)    4    67;
(57;)    0    0;
(58;)    /8   1
(59;)    4    0
(60;)    7    8191
(61;)    /0   0
(62;)    +1
(63;)    8    5122
(64;)    4    3784
(65;)    12   4640
(66;)    +0
(67;)    +0
(68;)    +0
(69;)    +0
(70;)    +0
(71;)    +0
(72;)    +0
(73;)    -1

((SQUARE ROOT SUBROUTINE)

[QSQRT QSMERR]

QSQRT
(0;)     +0
(1;)     8    ;+4
(2;)     8    47;
(3;)     +0
(4;)     +0
(5;)     5    4;
(6;)     9    30;
(7;)     7    33;
(8;)     1    42;
(9;)     9    38;
(10;)    4    41;
(11;)    5    45;
(12;)    2    3;
(13;)    14   1
(14;)    4    4;
(15;)    13   45;
(16;)    1    45;
(17;)    1    42;
(18;)    14   8191
(19;)    6    41;
(20;)    5    46;
(21;)    2    45;
(22;)    9    ;+5
(23;)    7    ;+4
(24;)    4    46;
(25;)    8    11;
(26;)    5    45;
(27;)    4    45;
(28;)    0    0;
(29;)    /8   1
(30;)    4    +1
(31;)    8    QSMERR
(32;)    >1            (Spare)
(33;)    4    3;
(34;)    7    26;
(35;)    4    40;
(36;)    5    45;
(37;)    8    12;
(38;)    4    41;
(39;)    8    26;
(40;)    +362
(41;)    15   8191
(42;)    +1
(43;)    +45
(44;)    +0
(45;)    +0
(46;)    +0
(47;)    5    4;
(48;)    4    44;
(49;)    5    3;
(50;)    4    4;
(51;)    8    5;

((ARCTAN SUBROUTINE)

[QATAN QSMERR]

QATAN
(0;)     +0
(1;)     4    98;
(2;)     5    95;
(3;)     5    96;
(4;)     5    97;
(5;)     4    89;
(6;)     7    68;
(7;)     9    117;
(8;)     4    89;
(9;)     2    98;
(10;)    5    91;
(11;)    4    90;
(12;)    9    ;+3
(13;)    4    90;
(14;)    2    98;
(15;)    2    91;
(16;)    9    84;
(17;)    7    76;
(18;)    0    98;
(19;)    4    89;
(20;)    13   90;
(21;)    5    95;
(22;)    9    74;
(23;)    1    99;
(24;)    5    92;
(25;)    2    99;
(26;)    12   100;
(27;)    1    101;
(28;)    5    93;
(29;)    0    98;
(30;)    4    92;
(31;)    13   93;
(32;)    5    93;
(33;)    12   93;
(34;)    5    94;
(35;)    4    107;
(36;)    5    112;
(37;)    4    102;
(38;)    5    96;
(39;)    4    96;
(40;)    12   94;
(41;)    0    112;
(42;)    /1   107;
(43;)    5    96;
(44;)    8    113;
(45;)    4    96;
(46;)    12   93;
(47;)    1    108;
(48;)    5    96;
(49;)    4    97;
(50;)    7    ;+4
(51;)    4    96;
(52;)    2    109;
(53;)    5    96;
(54;)    4    90;
(55;)    9    ;+6
(56;)    4    95;
(57;)    9    65;
(58;)    4    96;
(59;)    0    0;
(60;)    /8   1
(61;)    4    96;
(62;)    1    110;
(63;)    5    96;
(64;)    8    56;
(65;)    4    96;
(66;)    2    98;
(67;)    8    59;
(68;)    4    90;
(69;)    7    ;+3
(70;)    5    95;
(71;)    8    54;
(72;)    4    +2
(73;)    8    QSMERR
(74;)    2    98;
(75;)    8    23;
(76;)    4    89;
(77;)    1    90;
(78;)    7    ;+2
(79;)    8    ;+3
(80;)    4    99;
(81;)    5    95;
(82;)    4    111;
(83;)    8    48;
(84;)    0    98;
(85;)    4    90;
(86;)    13   89;
(87;)    5    97;
(88;)    8    21;
(89;)    +0
(90;)    +0
(91;)    +0
(92;)    +0
(93;)    +0
(94;)    +0
(95;)    +0
(96;)    +0
(97;)    +0
(98;)    +0
(99;)    /9   3052
(100;)   /13  2087
(101;)   6    5140
(102;)   +1
(103;)   /15  8180
(104;)   0    101
(105;)   /15  7204
(106;)   2    897
(107;)   -4
(108;)   2    0
(109;)   8    0
(110;)   /0   0
(111;)   4    0
(112;)   +0
(113;)   10   112;
(114;)   4    112;
(115;)   9    39;
(116;)   8    45;
(117;)   1    110;
(118;)   7    ;+3
(119;)   4    89;
(120;)   8    10;
(121;)   4    90;
(122;)   1    110;
(123;)   7    ;+2
(124;)   8    ;-5
(125;)   4    127;
(126;)   8    59;
(127;)   /4   0

((NATURAL LOGARITHM SUBROUTINE)

[QLN QSMERR]

QLN
(0;)     +0
(1;)     5    52;
(2;)     9    39;
(3;)     7    39;
(4;)     4    42;
(5;)     5    53;
(6;)     4    52;
(7;)     14   1
(8;)     9    ;+3
(9;)     10   53;
(10;)    8    ;-3
(11;)    14   8190
(12;)    6    41;
(13;)    5    52;
(14;)    12   43;
(15;)    14   1
(16;)    1    44;
(17;)    5    54;
(18;)    4    45;
(19;)    1    52;
(20;)    0    46;
(21;)    13   54;
(22;)    5    52;
(23;)    12   52;
(24;)    5    54;
(25;)    12   48;
(26;)    1    49;
(27;)    12   54;
(28;)    1    50;
(29;)    12   52;
(30;)    5    54;
(31;)    4    53;
(32;)    12   51;
(33;)    14   13
(34;)    2    54;
(35;)    1    47;
(36;)    5    52;
(37;)    9    56;
(38;)    8    55;
(39;)    4    +3
(40;)    8    QSMERR
(41;)    7    8191
(42;)    -1
(43;)    2    6105
(44;)    1    7709
(45;)    /10  2812
(46;)    +0
(47;)    /14  7867
(48;)    +16
(49;)    +221
(50;)    +5622
(51;)    11   740
(52;)    +0
(53;)    +0
(54;)    +0
(55;)    4    46;
(56;)    0    0;
(57;)    /8   1

((EXPONENTIAL SUBROUTINE)

[QEXP QSMERR]

QEXP
(0;)     +0
(1;)     9    ;+3
(2;)     4    +4
(3;)     8    QSMERR
(4;)     5    52;
(5;)     4    50;
(6;)     5    51;
(7;)     4    43;
(8;)     5    54;
(9;)     4    54;
(10;)    12   52;
(11;)    5    54;
(12;)    4    42;
(13;)    14   1
(14;)    7    ;+2
(15;)    10   54;
(16;)    4    54;
(17;)    0    51;
(18;)    /1   50;
(19;)    5    54;
(20;)    10   51;
(21;)    4    51;
(22;)    9    9;
(23;)    10   54;
(24;)    4    53;
(25;)    9    2;
(26;)    7    39;
(27;)    2    42;
(28;)    5    53;
(29;)    4    54;
(30;)    12   54;
(31;)    5    54;
(32;)    4    42;
(33;)    14   1
(34;)    7    ;+2
(35;)    10   54;
(36;)    10   53;
(37;)    4    53;
(38;)    9    29;
(39;)    4    54;
(40;)    0    0;
(41;)    /8   1
(42;)    +0
(43;)    +112
(44;)    +1005
(45;)    +5405
(46;)    +21826
(47;)    +65532
(48;)    +131071
(49;)    +131071
(50;)    -6
(51;)    +0
(52;)    +0
(53;)    +0
(54;)    +0

((ERROR INDICATIONS)

[QSMERR ERRORL ERRORE]

QSMERR   0    +0
         14   6
         1    £ 0.
         5    ERRNO
         11   ERRORL
         8    ERRORE
         £QSM
         £ ER
         £ROR
ERRNO    >1
<! Halt !>