
((IGNORE NOTHING FRIG, 7/10/70)

↑323
         7    1643

↑662
         8    1643

↑1643
         4    1662
         11   1114
         8    990
         2    1658
         4    337
         14   7
         8    665

↑759
         4    1659

↑762
         8    1650

↑1650
         4    1662
         11   1114
         8    990
         4    1660
         11   1114
         8    990
         4    1661
         8    763

↑1658
         +0
         -374
         +10
         -50
         +45
<! Halt !>