
((TRACE PROGRAMME, 29/5/69)

[C3 C3DATA]

C3
(0;)     8    549;
(1;)     8    220;
(2;)     6    10;
(3;)     5    89;
(4;)     8    84;
(5;)     4    129;
(6;)     5    144;
(7;)     4    130;
(8;)     5    281;
(9;)     8    163;
(10;)    14   8191
(11;)    +0
(12;)    7    217;
(13;)    8    223;
(14;)    0    158;
(15;)    /4   0
(16;)    5    131;
(17;)    6    152;
(18;)    1    156;
(19;)    7    27;
(20;)    1    156;
(21;)    7    43;
(22;)    1    216;
(23;)    7    59;
(24;)    1    156;
(25;)    7    78;
(26;)    8    217;
(27;)    4    131;
(28;)    6    484;
(29;)    5    1
(30;)    /4   0
(31;)    9    ;+6
(32;)    4    144;
(33;)    9    217;
(34;)    4    129;
(35;)    9    223;
(36;)    8    217;
(37;)    4    144;
(38;)    9    ;+2
(39;)    8    217;
(40;)    4    129;
(41;)    9    217;
(42;)    8    223;
(43;)    4    131;
(44;)    6    484;
(45;)    5    1
(46;)    /4   0
(47;)    9    54;
(48;)    4    144;
(49;)    9    ;+2
(50;)    8    217;
(51;)    4    129;
(52;)    9    223;
(53;)    8    217;
(54;)    4    144;
(55;)    9    217;
(56;)    4    129;
(57;)    9    217;
(58;)    8    223;
(59;)    4    131;
(60;)    6    484;
(61;)    5    1
(62;)    /4   0
(63;)    9    ;+2
(64;)    8    ;+2
(65;)    2    560;
(66;)    5    132;
(67;)    4    144;
(68;)    9    ;+2
(69;)    8    ;+2
(70;)    2    560;
(71;)    5    131;
(72;)    9    223;
(73;)    4    132;
(74;)    9    217;
(75;)    2    131;
(76;)    9    217;
(77;)    8    223;
(78;)    4    131;
(79;)    14   5
(80;)    9    217;
(81;)    4    131;
(82;)    2    145;
(83;)    8    2;
(84;)    0    281;
(85;)    14   1
(86;)    4    7
(87;)    5    1
(88;)    4    129;
(89;)    +0
(90;)    3    132;
(91;)    2    144;
(92;)    7    ;+2
(93;)    8    223;
(94;)    4    132;
(95;)    2    281;
(96;)    8    12;
C3DATA
(97;)    +0
(98;)    +0
(99;)    +0
(100;)   +0
(101;)   +0
(102;)   +0
(103;)   +0
(104;)   +0
(105;)   +0
(106;)   +0
(107;)   +0
(108;)   +0
(109;)   +0
(110;)   +0
(111;)   +0
(112;)   +0
(113;)   +0
(114;)   +0
(115;)   +0
(116;)   +0
(117;)   +0
(118;)   +0
(119;)   +0
(120;)   +0
(121;)   +0
(122;)   +0
(123;)   +0
(124;)   +0
(125;)   +0
(126;)   +0
(127;)   +0
(128;)   +0
(129;)   +0
(130;)   +0
(131;)   +0
(132;)   +0
(133;)   -30
(134;)   -27
(135;)   -24
(136;)   -21
(137;)   -18
(138;)   -15
(139;)   -12
(140;)   -9
(141;)   -6
(142;)   -3
(143;)   -10
(144;)   +0
(145;)   -24576
(146;)   -32768
(147;)   -2048
(148;)   -57344
(149;)   -16384
(150;)   +8
(151;)   +16
(152;)   +122880
(153;)   +6144
(154;)   +86
(155;)   +95
(156;)   -8192
(157;)   +30
(158;)   +0
(159;)   5    6
(160;)   4    560;
(161;)   5    129;
(162;)   5    130;
(163;)   0    130;
(164;)   14   1
(165;)   4    129;
(166;)   +130048
(167;)   5    129;
(168;)   3    130;
(169;)   4    6
(170;)   6    484;
(171;)   5    6
(172;)   4    143;
(173;)   5    131;
(174;)   0    131;
(175;)   /4   143;
(176;)   5    132;
(177;)   0    132;
(178;)   /4   129;
(179;)   7    202;
(180;)   6    484;
(181;)   2    158;
(182;)   7    288;
(183;)   10   131;
(184;)   4    131;
(185;)   8    372;
(186;)   0    132;
(187;)   /4   129;
(188;)   6    282;
(189;)   7    202;
(190;)   8    248;
(191;)   0    158;
(192;)   /4   0
(193;)   6    152;
(194;)   7    14;
(195;)   0    131;
(196;)   /8   1
(197;)   11   131;
(198;)   8    260;
(199;)   11   314;
(200;)   8    315;
(201;)   8    14;
(202;)   4    98;
(203;)   6    152;
(204;)   7    257;
(205;)   1    156;
(206;)   7    197;
(207;)   1    156;
(208;)   7    267;
(209;)   1    149;
(210;)   7    278;
(211;)   1    146;
(212;)   7    14;
(213;)   +129024
(214;)   8    ;-1
(215;)   +0
(216;)   -90112
(217;)   4    6
(218;)   2    158;
(219;)   7    283;
(220;)   4    6
(221;)   5    158;
(222;)   8    5;
(223;)   4    98;
(224;)   6    153;
(225;)   7    217;
(226;)   1    147;
(227;)   7    ;+4
(228;)   1    147;
(229;)   7    245;
(230;)   8    213;
(231;)   4    133;
(232;)   5    132;
(233;)   4    576;
(234;)   8    369;
(235;)   4    155;
(236;)   +129024
(237;)   4    154;
(238;)   +129024
(239;)   4    158;
(240;)   11   441;
(241;)   8    442;
(242;)   4    132;
(243;)   7    ;+0
(244;)   8    217;
(245;)   4    560;
(246;)   5    132;
(247;)   8    233;
(248;)   4    98;
(249;)   5    132;
(250;)   4    575;
(251;)   5    98;
(252;)   11   314;
(253;)   8    315;
(254;)   4    132;
(255;)   5    98;
(256;)   8    ;+0
(257;)   11   314;
(258;)   8    315;
(259;)   8    14;
(260;)   4    6
(261;)   2    158;
(262;)   1    583;
(263;)   7    14;
(264;)   1    583;
(265;)   7    191;
(266;)   8    195;
(267;)   0    158;
(268;)   /4   0
(269;)   6    152;
(270;)   1    148;
(271;)   7    ;+4
(272;)   1    149;
(273;)   7    ;+2
(274;)   8    14;
(275;)   11   314;
(276;)   8    315;
(277;)   8    14;
(278;)   11   131;
(279;)   8    260;
(280;)   8    267;
(281;)   +0
(282;)   /0   0
(283;)   4    576;
(284;)   +129024
(285;)   4    157;
(286;)   +129024
(287;)   8    ;+0
(288;)   /4   130;
(289;)   5    565;
(290;)   /4   131;
(291;)   8    552;
(292;)   /4   129;
(293;)   6    152;
(294;)   7    302;
(295;)   1    156;
(296;)   7    305;
(297;)   1    156;
(298;)   7    308;
(299;)   1    149;
(300;)   7    311;
(301;)   8    213;
(302;)   11   390;
(303;)   8    391;
(304;)   8    186;
(305;)   11   390;
(306;)   8    507;
(307;)   8    186;
(308;)   11   390;
(309;)   8    430;
(310;)   8    186;
(311;)   11   390;
(312;)   8    486;
(313;)   8    186;
(314;)   +0
(315;)   4    576;
(316;)   8    366;
(317;)   4    98;
(318;)   6    583;
(319;)   7    ;+2
(320;)   8    337;
(321;)   4    98;
(322;)   6    561;
(323;)   7    ;+2
(324;)   8    348;
(325;)   4    98;
(326;)   6    568;
(327;)   7    ;+2
(328;)   8    360;
(329;)   4    98;
(330;)   6    150;
(331;)   7    ;+2
(332;)   8    354;
(333;)   4    98;
(334;)   6    151;
(335;)   7    383;
(336;)   8    376;
(337;)   4    158;
(338;)   11   441;
(339;)   8    442;
(340;)   4    374;
(341;)   +129024
(342;)   4    6
(343;)   11   441;
(344;)   8    442;
(345;)   4    374;
(346;)   +129024
(347;)   8    321;
(348;)   4    129;
(349;)   11   441;
(350;)   8    442;
(351;)   4    374;
(352;)   +129024
(353;)   8    325;
(354;)   4    7
(355;)   11   441;
(356;)   8    442;
(357;)   4    374;
(358;)   +129024
(359;)   8    333;
(360;)   4    130;
(361;)   11   441;
(362;)   8    442;
(363;)   4    374;
(364;)   +129024
(365;)   8    329;
(366;)   +129024
(367;)   +129024
(368;)   8    317;
(369;)   +129024
(370;)   +129024
(371;)   8    235;
(372;)   9    174;
(373;)   8    202;
(374;)   +20
(375;)   +0
(376;)   4    385;
(377;)   5    502;
(378;)   4    158;
(379;)   5    565;
(380;)   8    488;
(381;)   4    386;
(382;)   5    502;
(383;)   0    314;
(384;)   /8   1
(385;)   8    ;-4
(386;)   4    564;
(387;)   7    430;
(388;)   0    390;
(389;)   /8   1
(390;)   +0
(391;)   4    573;
(392;)   5    531;
(393;)   11   419;
(394;)   8    420;
(395;)   0    565;
(396;)   /4   0
(397;)   +122863
(398;)   3    584;
(399;)   9    417;
(400;)   8    ;+5
(401;)   4    560;
(402;)   0    584;
(403;)   14   2
(404;)   3    584;
(405;)   5    562;
(406;)   0    562;
(407;)   /4   585;
(408;)   +129024
(409;)   10   531;
(410;)   4    531;
(411;)   9    401;
(412;)   4    564;
(413;)   2    565;
(414;)   7    388;
(415;)   10   565;
(416;)   8    391;
(417;)   4    583;
(418;)   8    405;
(419;)   +0
(420;)   4    576;
(421;)   +129024
(422;)   4    565;
(423;)   11   441;
(424;)   8    442;
(425;)   4    577;
(426;)   +129024
(427;)   +129024
(428;)   0    419;
(429;)   /8   1
(430;)   11   419;
(431;)   8    420;
(432;)   0    565;
(433;)   /4   0
(434;)   11   441;
(435;)   8    442;
(436;)   4    564;
(437;)   2    565;
(438;)   7    388;
(439;)   10   565;
(440;)   8    430;
(441;)   +0
(442;)   9    457;
(443;)   5    562;
(444;)   4    577;
(445;)   +129024
(446;)   4    560;
(447;)   5    571;
(448;)   5    584;
(449;)   5    595;
(450;)   0    571;
(451;)   /4   578;
(452;)   2    562;
(453;)   9    461;
(454;)   5    562;
(455;)   10   584;
(456;)   8    ;-5
(457;)   2    560;
(458;)   5    562;
(459;)   4    483;
(460;)   8    445;
(461;)   10   571;
(462;)   4    595;
(463;)   7    474;
(464;)   0    584;
(465;)   /4   585;
(466;)   +129024
(467;)   4    560;
(468;)   5    584;
(469;)   4    571;
(470;)   2    570;
(471;)   7    478;
(472;)   8    450;
(473;)   +0
(474;)   4    584;
(475;)   7    ;-6
(476;)   10   595;
(477;)   8    464;
(478;)   4    595;
(479;)   10   595;
(480;)   7    464;
(481;)   0    441;
(482;)   /8   1
(483;)   +46
(484;)   +8191
(485;)   +98
(486;)   11   419;
(487;)   8    420;
(488;)   0    565;
(489;)   /4   0
(490;)   9    540;
(491;)   8    597;
(492;)   11   441;
(493;)   8    446;
(494;)   4    577;
(495;)   +129024
(496;)   0    565;
(497;)   /4   0
(498;)   6    484;
(499;)   5    562;
(500;)   11   441;
(501;)   8    446;
(502;)   4    564;
(503;)   2    565;
(504;)   7    388;
(505;)   10   565;
(506;)   8    486;
(507;)   11   419;
(508;)   8    420;
(509;)   4    570;
(510;)   2    560;
(511;)   5    562;
(512;)   0    565;
(513;)   /4   0
(514;)   9    545;
(515;)   5    595;
(516;)   4    596;
(517;)   +129024
(518;)   4    575;
(519;)   +129024
(520;)   4    595;
(521;)   12   582;
(522;)   3    595;
(523;)   5    584;
(524;)   0    584;
(525;)   /4   585;
(526;)   +129024
(527;)   10   562;
(528;)   4    562;
(529;)   7    ;+5
(530;)   8    520;
(531;)   +0
(532;)   +0
(533;)   +0
(534;)   4    564;
(535;)   2    565;
(536;)   7    388;
(537;)   10   565;
(538;)   8    507;
(539;)   +0
(540;)   5    595;
(541;)   4    567;
(542;)   +129024
(543;)   4    595;
(544;)   8    597;
(545;)   2    560;
(546;)   5    595;
(547;)   4    483;
(548;)   8    517;
(549;)   4    97;
(550;)   5    158;
(551;)   8    159;
(552;)   7    ;+3
(553;)   5    564;
(554;)   8    292;
(555;)   /4   130;
(556;)   8    ;-3
(557;)   +0
(558;)   +0
(559;)   +0
(560;)   +0
(561;)   +2
(562;)   +0
(563;)   +29
(564;)   +0
(565;)   +0
(566;)   +125
(567;)   +15
(568;)   +4
(569;)   +3
(570;)   +6
(571;)   +0
(572;)   +34
(573;)   -18
(574;)   +0
(575;)   +63
(576;)   +18
(577;)   +144
(578;)   +100000
(579;)   +10000
(580;)   +1000
(581;)   +100
(582;)   +10
(583;)   +1
(584;)   +0
(585;)   +48
(586;)   +33
(587;)   +34
(588;)   +51
(589;)   +36
(590;)   +53
(591;)   +54
(592;)   +39
(593;)   +40
(594;)   +57
(595;)   +0
(596;)   +45
(597;)   +122867
(598;)   6    567;
(599;)   5    562;
(600;)   8    492;
<! Halt !>