
          DNL      0    1    0    0    0    0    4    0    0
          DSP      0    1    0    0    0    0    4    0    0
          DHT      0    1    0    0    0    0    4    0    0
          DSC      0    1    0    0    0    0    4    0    0
          DVT      0    1    0    0    0    0    4    0    0
          DBE      0    1    0    0    0    0    4    0    0
          PNL      0    0    0    0    0    0    3    0    0
          PSP      0    0    0    0    0    0    3    0    0
          PHT      0    0    0    0    0    0    3    0    0
          PSC      0    0    0    0    0    0    3    0    0
          PVT      0    0    0    0    0    0    3    0    0
          PBE      0    0    0    0    0    0    3    0    0
          TIC      0    0    0    0    0    0    2    0    0
          TIM      0    0    0    0    0    0    2    0    0
          TIS      0    0    0    0    0    0    2    0    0
          LOF      0    0    0    0    0    0    2    0    0
          LON      0    0    0    0    0    0    2    0    0
          CAD      0    0    0    0    0    0    2    0    0
          CAM      0    0    0    0    0    0    2    0    0
          ERS      0    0    0    0    0    0    2    0    0
          COS      0    0    0    0    0    0    2    0    0
          WTS      0    0    0    0    0    0    2    0    0
          ESC      0    0    2    0    0    0    0    0    0
          REP      0    7    3    0    0    0    >    0    0
          CAN      0    6    3    0    0    0    =    0    0
          END      0    5    0    0    0    0    <    1    0
          INS      0    0    0    0    1    0    0    0    0
          CIE      0    2    1    0    0    0    ;    0    1
          CII      0    2    1    1    0    0    ;    0    1
          DIE      0    1    1    0    0    0    ;    0    0
          DII      0    1    1    1    0    0    ;    0    0
          RTI      0    3    1    0    1    1    ;    0    1
          CSE      0    2    1    0    0    0    :    0    1
          CSI      0    2    1    1    0    0    :    0    1
          DSE      0    1    1    0    0    0    :    0    0
          DSI      0    1    1    1    0    0    :    0    0
          RTS      0    3    1    0    1    1    :    0    1
          CLE      0    2    1    0    0    0    9    0    1
          CLI      0    2    1    0    0    0    8    0    1
          DLE      0    1    1    0    0    0    9    0    0
          DLI      0    1    1    0    0    0    8    0    0
          RTL      0    3    1    0    1    1    9    0    1
          CHE      0    2    0    0    0    0    7    0    1
          CHI      0    2    0    0    0    0    6    0    1
          DHE      0    1    0    0    0    0    7    0    0
          DHI      0    1    0    0    0    0    6    0    0
          RTH      0    3    0    0    1    1    7    0    1
          WAI      0    0    0    0    0    0    1    0    0
          COP      0    4    0    0    0    0    5    0    0
          INB      0    0    0    0    0    0    0    0    0
          SPE      0    0    0    0    0    0    0    0    0
          PCR      0    0    0    0    0    0    0    0    0
          PBL      0    0    0    0    0    0    0    0    0
          DCR      0    0    0    0    0    0    0    0    0
          DBL      0    0    0    0    0    0    0    0    0
          903      1    0    0    0    0    0    0    0    0
          920      1    0    0    0    0    0    0    0    0
          ISO      1    0    0    0    0    0    0    0    0
<! Halt !>