
 110   2952
 900     40
 100   3168
 900     40
  90   3438
 900     40
  80   3744
 900     40
  73   3996
 900     40
  66   4284
 900     40
  58   4662
 900     40
  51   5058
 900     40
  45   5454
 900     40
  40   5832
 900     40
  36   6174
 900     40
  27   7110
 900     40
  23   7632
 900     40
  19   8226
 900     40
  16   8748
 900     40
  13   9324
 900     40
  10   9990
 900     40
   7  10764
 900     40
   4  11664
 900     40
   1  12726
 900     40
   0  13122
 900     40
 900     40
  80   3744
  66   4284
  51   5058
  45   5454
  36   6174
  27   7110
  19   8226
  16   8748
  10   9990
   4  11664
   1  12726
     -1
