
 900    568
   7   1077
  23    801
  36    641
  23    801
   7   1077
  23    801
  36    641
  23    801
   7   1077
  23    801
  36    641
  23    801
   7   1077
  23    801
  36    641
  23    801
  45    568
   7   1077
  10   1008
  16    899
  23    801
  31    694
  36    641
  45    568
  36    641
  58    490
  45    568
  36    641
  31    694
  23    801
  16    899
  10   1008
   7   1077
  23    801
  36    641
  23    801
   7   1077
  23    801
  36    641
  23    801
   7   1077
  27    739
  45    568
  27    739
   7   1077
  16    899
  45    568
  16    899
  10   1008
  16    899
  23    801
  16    899
  45   1136
  27   1479
  23   1602
  45    568
  36    641
  45    568
  36    641
  45    568
  36    641
  45    568
  66    449
 102    337
  66    449
  45    568
  66    449
 102    337
  66    449
  23    801
  36    641
  58    490
  36    641
  23    801
  36    641
  58    490
  36    641
  31    694
  45    568
  66    449
  45    568
  31    694
  45    568
  66    449
  45    568
  36    641
 102    337
  80    396
  66    449
  58    490
  45    568
  36    641
  31    694
  23    801
  36    641
  58    490
  36    641
  23    801
  36    641
  58    490
  36    641
  23    801
  45    568
  66    449
  45    568
  23    801
  45    568
  66    449
  45    568
  36    641
  58    490
  80    396
  58    490
  36    641
  58    490
  80    396
  58    490
  36    641
  66    449
 102    337
  66    449
  36    641
  66    449
 102    337
  66    449
   7   1077
  16    899
  31    694
  16    899
   7   1077
  16    899
  36    641
  16    899
   7   1077
  23    801
  36    641
  23    801
   7   1077
  23    801
  36    641
  23    801
  31    694
  23    801
  16    899
  23    801
  31    694
  36    641
  45    568
  58    490
  66    449
  58    490
  45    568
  58    490
  66    449
  80    396
 102    337
 125    284
 140    260
 102    337
 125    284
  80    396
 102    337
  66    449
  80    396
  58    490
  66    449
  45    568
  58    490
  36    641
  45    568
  31    694
  36    641
  23    801
  31    694
  23    801
  31    694
  23    801
  16    899
  23    801
  31    694
  36    641
  45    568
  36    641
  45    568
  36    641
  31    694
  23    801
  31    694
  23    801
  16    899
  23    801
  16    899
  23    801
  31    694
  36    641
  31    694
  36    641
  45    568
  36    641
  45    568
  36    641
  31    694
  23    801
  31    694
  23    801
  16    899
  23    801
  16    899
  23    801
  31    694
  36    641
  31    694
  36    641
  45    568
  36    641
  45    568
  36    641
  31    694
  36    641
  31    694
  36    641
  36    641
  23    801
  31    694
  16    899
  23    801
  10   1008
  16    899
   7   1077
  10   2016
  16    899
  23    801
   7   1077
 900     47
  58    490
 900     47
  36   1282
  45    568
  58    490
 102    337
 900     47
  66    449
 900     47
  58    490
 900     47
 102    337
 900     47
  58   1961
  58    490
  45    568
  36    641
  31    694
  36    641
 900     47
  45    568
 900     47
  58    490
 900     47
  23   3205
  31    694
 900     47
  36   1282
  31    694
  36    641
  31    694
 900     47
  45    568
 900     47
  36    641
  31    694
  23    801
  16    899
  23    801
 900     47
  31    694
 900     47
  36   1282
  31    694
  36    641
  31    694
 900     47
  45    568
 900     47
  36    641
 900     47
  45    568
 900     47
  58   1961
   7   1077
  23    801
  36    641
  23    801
   7   1077
  23    801
  36    641
  23    801
   7   1077
  23    801
  36    641
  23    801
   7   1077
  23    801
  36    641
  23    801
  45    568
   7   1077
  10   1008
  16    899
  23    801
  31    694
  36    641
  45    568
  36    641
 900     47
 102    337
 900     47
  58   1961
  23   3205
  16    899
  23    801
  31    694
  36    641
  31    694
 900     47
  16   3597
  16    899
 900     47
  23    801
  31    694
  36    641
  23    801
  31    694
  36    641
  45    568
  31    694
  36    641
 900     47
  23   3205
  23    801
 900     47
  31    694
  36    641
  45    568
  31    694
  36    641
  45    568
  58    490
  36    641
  45    568
 900     47
  23    801
 900     47
  66    449
  58    490
  45    568
  36    641
  45    568
 900     47
  23    801
 900     47
  66    449
  58    490
  45    568
  36    641
  45    568
 900     47
  23    801
 900     47
  23    801
 900     47
  23    801
 900     47
  23    801
  45    568
  66    449
  45    568
  23    801
  45    568
  66    449
  45    568
  23    801
  45    568
  66    449
  45    568
  23    801
  45    568
  23    801
  10   1008
  16    899
  23    801
  27    739
  36    641
  45    568
  58    490
  66    449
  80    396
  66    449
 102    337
  80    396
  66    449
  58    490
  45    568
  36    641
  27    739
  23    801
  16    899
  10   1008
   7   1077
  10   1008
 900     47
  16    899
 900     47
  23    801
 900     47
  45   2272
  58    490
 900     47
  66    899
  58    490
  66    449
  58    490
 900     47
  80    396
 900     47
  66    449
  58    490
  45    568
  36    641
  45    568
 900     47
  27    739
 900     47
  23   1602
  16    899
  10   1008
   7   1077
 900     47
  16    899
 900     47
  10   1008
 900     47
  16    899
 900     47
  23   3205
   2   1250
  10   1008
  23    801
  10   1008
   2   1250
  10   1008
  23    801
  10   1008
   2   1250
  16    899
  27    739
  16    899
   2   1250
  16    899
  27    739
  16    899
  10   1008
  23    801
  36    641
  23    801
  10   1008
  23    801
  36    641
  23    801
  10   1008
  27    739
  45    568
  27    739
  10   1008
  27    739
  45    568
  27    739
  23    801
  36    641
  58    490
  36    641
  23    801
  36    641
  58    490
  36    641
  23    801
  45    568
  66    449
  45    568
  23    801
  45    568
  66    449
  45    568
  58    490
  45    568
  36    641
  45    568
  58    490
  66    449
  80    396
 102    337
 115   1219
 900     94
  16   1798
  10   2016
  16   1798
  16   1798
  23   1602
   7   2155
  10   2016
  10   2016
  16   1798
  10   1008
   7   1077
  10   1008
  16    899
  16    899
  10   1008
  16    899
  23    801
  16    899
  10   1008
  16    899
  23    801
  23    801
  16    899
  23    801
  27    739
  36    641
  27    739
  36    641
  45    568
  58    490
  45    568
  58    490
  66    449
  80    396
  66    449
  80    396
  66    449
  58    490
  45    568
  58    490
  45    568
  36    641
  45    568
  36    641
  45    568
  58    490
  66    449
  58    490
  66    449
  80    396
  66    449
  80    396
  66    449
  58    490
  45    568
  58    490
  45    568
  36    641
  45    568
  36    641
  45    568
  58    490
  66    449
  58    490
  66    449
  80    396
  66    449
  80    396
  66    449
  58    490
  45    568
  58    490
  45    568
  66    449
 900     47
  23    801
 900     47
  80    396
 900     47
  27    739
 900     47
  23    801
 900     47
  45    568
 900     47
 102   1351
  36    641
  31    694
  23    801
  16    899
  23    801
 900     47
  31    694
 900     47
  36    641
 900     47
  23   3205
  31    694
 900     47
  36   1282
  31    694
  36    641
  31    694
 900     47
  45    568
 900     47
  36    641
 900     47
  45    568
 900     47
  58   1961
   7   1077
  23    801
  36    641
  23    801
   7   1077
  23    801
  36    641
  23    801
   7   1077
  23    801
  36    641
  23    801
   7   1077
  23    801
  36    641
  23    801
  45    568
   7   1077
  10   1008
  16    899
  23    801
  31    694
  36    641
  45    568
  36    641
  58    490
  45    568
  36    641
  58    490
 900     47
 900     94
  36   1282
  45   1136
  45   1136
  58    980
  31   1389
  36   1282
  36   1282
  45   1136
  36    641
  31    694
  36    641
  45    568
  45    568
  36    641
  45    568
  58    490
  45    568
  36    641
  45    568
  58    490
  58    490
  45    568
  58    490
  66    449
  58    490
  45    568
  36    641
  31    694
  36    641
 900     47
  45    568
 900     47
  58    490
 900     47
   7   4310
  10   1008
 900     47
  16   1798
  10   1008
  16    899
  10   1008
 900     47
  19    844
 900     47
  16    899
 900     47
  36    641
 900     47
  45    568
 900     47
  36    641
 900     47
  16    899
  36    641
  58    490
  36    641
  16    899
  36    641
  58    490
  36    641
  16    899
  36    641
  58    490
  36    641
  16    899
  36    641
  16    899
   7   1077
  10   1008
  16    899
  19    844
  27    739
  36    641
  45    568
  58    490
  66    449
  58    490
 140    260
 115    304
  90    367
  80    396
  66    449
  58    490
  45    568
  36   2564
  80   1587
  31   2778
  45   3409
  36    641
  31    694
  23    801
 900     47
  45    568
 900     47
  36   2564
  58   2942
  45    568
  36    641
  31    694
 900     47
  58    490
 900     47
  66   2698
  58    490
  45    568
  36    641
 900     47
  66    449
 900     47
  58    490
 900     47
  80   1587
  66    449
  58    490
  45    568
 900     47
  66   1798
  58    490
  45    568
  36    641
 900     47
  58   1961
  45    568
  36    641
  31    694
 900     47
  45   1136
  51   1063
  45   1136
  19    422
  16    450
  19    422
  16    450
  19    422
  16    450
  19    422
  16    450
  19    422
  16    450
  19    422
  16    450
  19    422
  16    450
  27    369
  19    422
  16   1798
  36   1282
  58    980
  36   1282
  16   1798
  19    844
  31    694
  36    641
 900     47
  45    568
 900     47
  58   1961
  66    225
  58    245
  66    225
  58    245
  66    225
  58    245
  66    225
  58    245
  80   1587
 900    189
   7   1077
  16    899
  31    694
  16    899
   7   1077
  16    899
  31    694
  16    899
   7   1077
  23    801
  36    641
  23    801
   7   1077
  23    801
  36    641
  23    801
  16    899
  31    694
  45    568
  31    694
  16    899
  31    694
  45    568
  31    694
  16    899
  36    641
  58    490
  36    641
  16    899
  36    641
  58    490
  36    641
  31    694
  45    568
  72    425
  45    568
  31    694
  45    568
  72    425
  45    568
  31    694
  58    490
  80    396
  58    490
  31    694
  58    490
  80    396
  58    490
  13    961
  16    899
  23    801
  31    694
  36    641
  45    568
  58    490
  72    425
  80    793
 900    284
  80    396
  72    425
  58    490
  45    568
  58    490
 900     47
  72    425
 900     47
  80    396
 900     47
  16   3597
  23    801
 900     47
  31   1389
  23    801
  31    694
  23    801
 900     47
  36    641
 900     47
  31    694
 900     47
   7   4849
  13    961
 900     47
  16   1798
  13    961
  16    899
  13    961
 900     47
  23    801
 900     47
  16    899
 900     47
  23    801
 900     47
  31   2778
  58    490
  80    396
 125    284
  80    396
  58    490
  80    396
 125    284
  58    490
  45    568
  80    396
 115    304
  80    396
  45    568
  80    396
 115    304
  80    396
  45    568
  66    449
 102    337
  66    449
  45    568
  66    449
 102    337
  66    449
  36    641
  66    449
  90    367
  66    449
  36    641
  66    449
  90    367
  66    449
  36    641
  58    490
  80    396
  58    490
  36    641
  58    490
  80    396
  58    490
  31    694
  58    490
  80    396
  58    490
  31    694
  58    490
  80    396
  58    490
  31    694
  45    568
  72    425
  45    568
  31    694
  45    568
  72    425
  45    568
  23    801
  45    568
  66    449
  45    568
  23    801
  45    568
  66    449
  45    568
  36    641
  31    694
  23    801
  16    899
  23    801
 900     47
  31    694
 900     47
  36    641
 900     47
  23   3205
  31    694
 900     47
  36   1282
  31    694
  36    641
  31    694
 900     47
  45    568
 900     47
  36    641
 900     47
  31    694
 900     47
  36    641
 900     47
  45    568
 900     47
  36    641
 900     47
  45   2272
  58    490
 900     47
  31    694
 900     47
  36   2564
  45    568
 900     47
  36    641
  31    694
  23    801
  16    899
  23    801
 900     47
  23    801
 900     47
  66    449
 900     47
  58   1961
  45    568
 900     47
  36    641
  31    694
  23   3205
  58    980
  66    449
  58    490
  45   2272
  36   1282
  31    694
  23    801
  16   3597
  45   1136
  51    531
  45    568
  36   2564
  80    793
  45   1136
  36    641
  31    694
  23    801
 900     47
  36    641
 900     47
  31    694
 900     47
  51    531
 900     47
  45   3409
  36    641
  31    694
  23    801
 900     47
  45    568
 900     47
  36    641
 900     47
  66    449
 900     47
  58   2942
  72    425
  80    396
  72    850
  80    396
 102    337
  80    793
  66    449
  58    490
  45   3409
  58    490
  66    449
  58    980
  66    449
  80    396
  66    899
 102    337
  66    449
  45    568
  66    449
 102    337
  66    449
  23    801
  36    641
  58    490
  36    641
  23    801
  36    641
  58    490
  36    641
  23    801
  45    568
  66    449
  45    568
  23    801
  45    568
  66    449
  45    568
  36    641
  58    490
  80    396
  58    490
  36    641
  58    490
  80    396
  58    490
  36    641
  66    449
 102    337
  66    449
  36    641
  66    449
 102    337
  66    449
   7   1077
  16    899
  31    694
  16    899
   7   1077
  16    899
  31    694
  16    899
   7   1077
  23    801
  36    641
  23    801
   7   1077
  23    801
  36    641
  23    801
  31    694
  23    801
  16    899
  23    801
  31    694
  36    641
  45    568
  58    490
  66    449
  58    490
  45    568
  58    490
  66    449
  80    396
 102    337
 125    284
 140    260
 102    337
 125    284
  80    396
 102    337
  66    449
  80    396
  58    490
  66    449
  45    568
  58    490
  36    641
  45    568
  31    694
  36    641
  23    801
  31    694
  23    801
  31    694
  23    801
  16    899
  23    801
  31    694
  36    641
  45    568
  36    641
  45    568
  36    641
  31    694
  23    801
  31    694
  23    801
  16    899
  23    801
  16    899
  23    801
  31    694
  36    641
  31    694
  36    641
  45    568
  36    641
  45    568
  36    641
  31    694
  23    801
  31    694
  23    801
  16    899
  23    801
  16    899
  23    801
  31    694
  36    641
  31    694
  36    641
  45    568
  36    641
  45    568
  36    641
  31    694
  36    641
  31    694
  45    568
  36    641
  23    801
  31    694
  16    899
  23    801
  10   1008
  16    899
   7   1077
  10   2016
  16    899
  23    801
   7   1077
 900     47
  58    490
 900     47
  36   1282
  45    568
  58    490
  45    284
  40    303
  45    284
  40    303
  45    284
  40    303
  58    490
  58   1961
-1
