
 900    378
  51    354
  58    326
  66    299
  72    283
  80    264
  45    378
  51    354
  58    326
  51    354
  58    326
  66    299
  72    283
  80    264
  72    283
  66    299
  58    326
  51    354
  58    326
  66    299
  72    283
  80    264
  45    378
  51    354
  58    326
  51    354
  58    326
  66    299
  72    283
  80    264
  72    283
  66    299
  58    326
  51    354
  58    326
  66    299
  72    283
  66    299
  72    283
  80    264
  90    245
  80    264
  72    283
  66    299
  58    326
  51    354
  45    378
  51    354
  58    326
  51    354
  58    326
  66    299
  72    283
  66    299
  72    283
  80    264
  90    245
  80    264
  72    283
  66    299
  58    326
  51    354
  40    404
  36    427
  31    463
  27    493
  31    463
  36    427
  40    404
  45    378
  23    534
  27    493
  31    463
  27    493
  31    463
  36    427
  40    404
  45    378
  40    404
  36    427
  31    463
  27    493
  31    463
  36    427
  40    404
  45    378
  23    534
  27    493
  31    463
  27    493
  31    463
  36    427
  40    404
  45    378
  40    404
  36    427
  31    463
  27    493
  31    463
  36    427
  40    404
  36    427
  40    404
  45    378
  51    354
  45    378
  40    404
  36    427
  31    463
  27    493
  23    534
  27    493
  31    463
  27    493
  31    463
  36    427
  40    404
  36    427
  40    404
  45    378
  51    354
  45    378
  40    404
  36    427
  31    463
  27    493
  23    534
  27    493
  31    463
  27    493
 115    203
 115    203
 115    203
 115    203
 115    203
 115    203
 115    203
 102    225
 125    189
 102    225
 125    189
 102    225
 125    189
 102    225
 125    189
 115    203
 115    203
 115    203
 115    203
 115    203
 115    203
 115    203
 115    203
 102    225
 125    189
 102    225
 125    189
 102    225
 125    189
 102    225
 125    189
 115    203
 102    225
 115    203
 125    189
 115    203
 102    225
 115    203
 125    189
 115    203
 102    225
 115    203
 125    189
 115    203
 102    225
 115    203
 125    189
 115    203
 102    225
  90    245
  80    264
  72    283
  80    264
  90    245
 102    225
 115    203
 102    225
  90    245
  80    264
  72    283
  66    299
  58    326
  51    354
  66    299
  66    299
  66    299
  66    299
  66    299
  66    299
  66    299
  66    299
  58    326
  66    299
  58    326
  66    299
  58    326
  66    299
  58    326
  66    299
  66    299
  66    299
  66    299
  66    299
  66    299
  66    299
  66    299
  66    299
  58    326
  66    299
  58    326
  66    299
  58    326
  66    299
  58    326
  66    299
  66    299
  58    326
  66    299
  72    283
  66    299
  58    326
  66    299
  72    283
  66    299
  58    326
  66    299
  72    283
  66    299
  58    326
  66    299
  72    283
  66    299
  58    326
  51    354
  45    378
  40    404
  45    378
  51    354
  58    326
  66    299
  58    326
  51    354
  45    378
  40    404
  45    378
  51    354
  58    326
  66     74
  10    470
  13    641
  16    599
  19    563
  23    534
   7    718
  10    672
  13    641
  10    672
  13    641
  16    599
  19    563
  23    534
  19    563
  16    599
  13    641
  10    672
  13    641
  16    599
  19    563
  16    599
  19    563
  23    534
  27    493
  23    534
  19    563
  16    599
  13    641
  16    599
  13    641
  10    672
   7    718
   4    777
   7    718
  10    672
  13    641
  10    672
  13    641
  16    599
  19    563
  16    599
  19    563
  23    534
  27    493
  31    463
  36    427
  40    404
  45    378
  51    354
  45    378
  51    354
  58    326
  51    354
  45    378
  51    354
  58    326
  51    354
  45    378
  51    354
  58    326
  51    354
  45    378
  51    354
  58    326
  51    354
  45    378
  51    354
  58    326
  51    354
  45    378
  51    354
  58    326
  51    354
  45    378
  51    354
  58    326
  51    354
  45    378
  51    354
  58    326
  51    177
  19    281
   4    777
 900     63
  51    354
  51    354
  51    354
  51    354
  51    354
  58    326
  66    299
  72    283
  80    264
  45    378
  51    354
  58    326
  51    354
  58    326
  66    299
  72    283
  80    264
  72    283
  66    299
  58    326
  51    354
  58    326
  66    299
  72    283
  80    264
  45    378
  51    354
  58    326
  51    354
  58    326
  66    299
  72    283
  80    264
  72    283
  66    299
  58    326
  51    354
  58    326
  66    299
  72    283
  66    299
  72    283
  80    264
  90    245
  80    264
  72    283
  66    299
  58    326
  51    354
  45    378
  51    354
  58    326
  51    354
  58    326
  66    299
  72    283
  66    299
  72    283
  80    264
  90    245
  80    264
  72    203
  66    299
  58    326
  51    354
  40    404
  36    427
  31    463
  27    493
  31    463
  36    427
  40    404
  45    378
  23    534
  27    493
  31    463
  27    493
  31    463
  36    427
  40    404
  45    378
  40    404
  36    427
  31    463
  27    493
  31    463
  36    427
  40    404
  45    378
  23    534
  27    493
  31    463
  27    493
  31    463
  36    427
  40    404
  45    378
  40    404
  36    427
  31    463
  27    493
  31    463
  36    427
  40    404
  36    427
  40    404
  45    378
  51    354
  45    378
  40    404
  36    427
  31    463
  27    493
  23    534
  27    493
  31    463
  27    493
  31    463
  36    427
  40    404
  45    378
  40    404
  36    427
  31    463
  27    493
  19    563
  16    599
  10    672
   4    777
   2    833
   4    777
   7    718
   4    777
   7    718
  10    672
  13    641
  16    599
   2    833
   4    777
   7    718
   4    777
   7    718
  10    672
  13    641
  16    599
  13    641
  10    672
   7    718
   4    777
   7    718
  10    672
  13    641
  16    599
   2    833
   4    777
   7    718
   4    777
   7    718
  10    672
  13    641
  16    599
  13    641
  10    672
   7    718
   4   1555
 125    189
 115    203
 102    225
  90    245
  80    264
  72    283
  66    299
  72    283
  80    264
  90    245
  80    264
  90    245
 102    225
 115    203
 125    189
 115    203
 102    225
  90    245
  80    264
  72    283
  66    299
  58    326
  51    354
  45    378
  51    354
  58    326
  51    354
  45    378
  51    354
  58    326
  51    709
 125    189
 115    203
 102    225
  90    245
  80    264
  72    283
  66    299
  72    283
  80    264
  90    245
  80    264
  90    245
 102    225
 115    203
 125    189
 115    203
 102    225
  90    245
  80    264
  72    283
  66    299
  58    326
  51    354
  40    404
  31    463
  27    493
  19    563
  16    599
  10    672
   4    777
   4    777
   7    718
  10    672
  13    641
  16    599
   2    833
   4    777
   7    718
   4    777
   7    718
  10    672
  13    641
  16    599
  13    641
  10    672
   7    718
   4    777
   7    718
  10    672
  13    641
  16    599
   2    833
   4    777
   7    718
   4    777
   7    718
  10    672
  13    641
  16    599
  13    641
  10    672
   7    718
   4   1555
 125    189
 115    203
 102    225
  90    245
  80    264
  72    283
  66    299
  72    283
  80    264
  90    245
  80    264
  90    245
 102    225
 115    203
 125    189
 115    203
 102    225
  90    245
  80    264
  72    283
  66    299
  58    326
  51    354
  45    378
  51    354
  58    326
  51    354
  45    378
  51    354
  58    326
  51    709
 125    189
 115    203
 102    225
  90    245
  80    264
  72    283
  66    299
  72    283
  80    264
  90    245
  80    264
  90    245
 102    225
 115    203
 125    189
 115    203
 102    225
  90    245
  80    264
  72    283
  66    299
  58    326
  51    354
  40    404
  31    463
  27    493
  19    563
  16    599
  10    672
   4    777
   4    777
   2    833
   4    777
   7    718
   4    777
   2    833
   4    777
   7    718
   4    777
   2    833
   4    777
   7    718
   4    777
   2    833
   2    833
   4    777
   2    833
   4    777
   7    718
  10    672
  13    641
  16    599
  19    563
  23    534
  27    493
  31    463
  36    427
  40    404
  36    427
  40    404
  45    378
  51    354
  45    378
  51    354
  58    326
  66    299
  72    283
  80    264
  90    245
 102    225
 115    203
 102    225
 115    203
 125    189
 115    203
 102    225
 115    203
 125    189
 115    203
 102    225
 115    203
 125    189
 115    406
 900     63
  51    354
  45    378
  51    354
  58    326
  51    354
  45    378
  51    354
  58    326
  51    354
  45    378
  51    354
  58    326
  51    709
 900     63
 115    101
  51    177
  27    493
 900     63
  51    354
  58    326
  66    299
  72    283
  80    264
  72    283
  90    245
 125    189
 115    203
 102    225
  90    245
  80    264
  72    283
  66    299
  58    326
  51    354
  45    378
  40    404
  36    427
  31    463
  27    493
  23    534
  19    563
  16    599
  13    641
  16    599
  19    563
  23    534
  27   1972
 900    252
 115    203
  80    264
  51    354
  27    493
 115    812
-1

