
 900    473
 150    291
 150    270
 150    270
 150   1666
 900    157
 150    291
 150    270
 150    270
 150   1666
 900    157
 150    291
 150    270
 150    270
 102   1126
 102    394
 102    365
 102    365
 102   1126
 102    394
 102    365
 102    365
  72   1417
  72    496
  72    460
  72    460
  72   1417
  72    496
  72    460
  72    460
   0   8928
   2   6250
  16   1498
   7   3592
  13   3205
  19   2815
  31   2315
  40    253
  31    289
  40    253
  31    289
  40    253
  31    289
  40    253
  31    289
  40    253
  31    289
  40    253
  31    289
  40    253
  31    289
  45    236
  40    252
  31   2315
  72   1062
  31    578
  23   2671
 150    208
 900     39
 102    281
 900     39
  72    354
 900     39
  40    505
 900     39
  23    667
 900     39
  13    801
 900     39
   0   8928
   2   6250
  16   1498
   7   3592
  13   3205
  19   2815
  31   2315
  40    253
  31    289
  40    253
  31    289
  40    253
  31    289
  40    253
  31    289
  40    253
  31    289
  40    253
  31    289
  40    253
  31    289
  45    236
  40    252
  23   2671
  31   1736
  23    667
  31   4630
  40   2022
 150    291
 150    270
 150    270
 150    833
 150    291
 102    365
  72    460
  40   2022
 150    291
 150    270
 150    270
 150    833
 102    394
  72    460
  40    657
  23   2671
 150    291
 150    270
 150    270
 150    833
 102    394
  72    460
  40    657
  23   2671
  72    496
  40    657
  23    868
  13   3205
  72    496
  40    657
  23    868
  13   3205
  40    707
  23    868
  13   1041
   0   8928
   2   6250
  16   1498
   7   3592
  13   3205
  19   2815
  31   2315
  40    253
  31    289
  40    253
  31    289
  40    253
  31    289
  40    253
  31    289
  40    253
  31    289
  40    253
  31    289
  40    253
  31    289
  45    236
  40    252
  31   2315
  72   1062
  31    578
  23   2671
 150    208
 900     39
 102    281
 900     39
  72    354
 900     39
  40    505
 900     39
  23    667
 900     39
  13    801
 900     39
   0   8928
   2   6250
  16   1498
   7   3592
  13   3205
  19   2815
  31   2315
  40    253
  31    289
  40    253
  31    289
  40    253
  31    289
  40    253
  31    289
  40    253
  31    289
  40    253
  31    289
  40    253
  31    289
  45    236
  40    252
  23   2671
  31   1736
  23    667
  31   4630
  40   2022
 900    157
  40   4045
  40   3034
  40   1011
  23   2671
  31   2315
  45   1893
  72   1417
  72   2480
  40    505
  40   3539
  23    667
  23   2671
  31   2315
  45   1893
  72   1417
  72   2480
  23    667
  23   4674
  13    801
  13   6410
  19   2815
  23   2671
  31   2315
  36   1602
  23    667
  31   2315
  58   1225
  40    505
  45   1893
  13   3205
   7   3592
   2   4166
   0   8928
   2   6250
  16   1498
   7   3592
  13   3205
  19   2815
  31   2315
  40    253
  31    289
  40    253
  31    289
  40    253
  31    289
  40    253
  31    289
  40    253
  31    289
  40    253
  31    289
  40    253
  31    289
  45    236
  40    252
  31   2315
  72   1062
  31    578
  23   2671
 150    416
 102    563
  72    708
  40   1011
  23   1335
  13   1602
   0   8928
   2   6250
  16   1498
   7   3592
  13   3205
  19   2815
   7   3592
  40    253
  31    289
  40    253
  31    289
  40    253
  31    289
  40    253
  31    289
  40    253
  31    289
  40    253
  31    289
  40    253
  31    289
  45    236
  40    252
  23   2671
  31   1736
  23    667
  31   4630
  40   2022
 900    157
  40   4045
  40   3034
  40   1011
  23   2671
  31   2315
  45   1893
  72   1417
  72   2480
  40    505
  40   3539
  23    667
  23   2671
  31   2315
  45   1893
  72   1417
  72   2480
  23    667
  23   4674
  13    801
  13   6410
  19   2815
  23   2671
  31   2315
  36   1602
  23    667
  31   2315
  58   1225
  40    505
  45   1893
  13   3205
   7   3592
   2   4166
   0   8928
   2   6250
  16   1498
   7   3592
  13   3205
  19   2815
  31   2315
  40    253
  31    289
  40    253
  31    289
  40    253
  31    289
  40    253
  31    289
  40    253
  31    289
  40    253
  31    289
  40    253
  31    289
  45    236
  40    252
  31   2315
  72   1062
  31    578
  23   2671
 150    416
 102    563
  72    708
  40   1011
  23   1335
  13   1602
   0   8928
   2   6250
  16   1498
   7   3592
  13   3205
  19   2815
   7   3592
  40    253
  31    289
  40    253
  31    289
  40    253
  31    289
  40    253
  31    289
  40    253
  31    289
  40    253
  31    289
  40    253
  31    289
  45    236
  40    252
  23   2671
  31   1736
  23    667
  31   4630
  40   2022
 900     78
  72    708
  72   2125
  45    946
  45   2840
  31   1157
  31   3472
  13   1602
  13   4807
  23   1335
  31   3472
  23   1335
  23   4006
  40   1011
  45   2840
  31   1157
  31   3472
  45    946
  58   2451
  31   1157
  31   3472
  45    946
  58   3268
 900    236
 125    473
  72   2125
  45    946
  45   2840
  31   1157
  31   3472
  13   1602
  13   4807
  23   1335
  31   3472
  23   1335
  23   4006
  40   1011
  45   2840
  31   1157
  31   3472
  45    946
  58   2451
  31   1157
  31   3472
  45    946
  58   3268
 900    157
  80   1322
  45   2840
  27   1232
  27   3698
  16   1498
  16   4496
   2   2083
   2   6250
  13   1602
  16   4496
  13   1602
  13   4807
  23   1335
  27   4931
 900    157
 125    947
  72   2125
  45    946
  45   2840
  31   1157
  31   3472
  13   1602
  13   4807
  23   1335
  31   3472
  23   1335
  23   4006
  40   1011
  45   3787
 900    157
  80   1322
  45   2840
  27   1232
  27   3698
  16   1498
  16   4496
   2   2083
   2   6250
  13   1602
  16   4496
  13   1602
  13   4807
  23   1335
  27   4931
 900    157
 125    947
  72   2125
  45    946
  45   2840
  31   1157
  31   3472
  13   1602
  13   4807
  23   1335
  31   3472
  23   1335
  23   4006
  40   1011
  45   3787
 900    315
   0   8928
   2   6250
  16   1498
   7   3592
  13   3205
  19   2815
  31   2315
  40    253
  31    289
  40    253
  31    289
  40    253
  31    289
  40    253
  31    289
  40    253
  31    289
  40    253
  31    289
  40    253
  31    289
  45    236
  40    252
  31   2315
  72   1062
  31    578
  23   2671
 150    416
 102    563
  72    708
  40   1011
  23   1335
  13   1602
   0   8928
   2   6250
  16   1498
   7   3592
  13   3205
  19   2815
   7   3592
  40    253
  31    289
  40    253
  31    289
  40    253
  31    289
  40    253
  31    289
  40    253
  31    289
  40    253
  31    289
  40    253
  31    289
  45    236
  40    252
  23   2671
  31   1736
  23    667
  31   4630
  40   2022
  40   2022
  72   1417
  58   1634
  51   1772
  45   1893
  40   2022
  19   2815
   7   3592
  19   2815
  23   2671
  31   2315
  40   2022
  45   1893
  45   3787
  40   2022
  40   2022
  19   5631
  40   2022
  58   1634
  40   4045
  58   1634
  90   1225
  58   1634
  72   1417
  58   1634
  51   1772
  58   4903
 150    833
  40   2022
  58   1634
 102   1126
  90   1225
  58   2451
  72    708
  90   1225
 102   1126
  40   2022
  58   1634
 102   1126
  90   1225
  58   2451
  72    708
  90   1225
 102   1126
  13   4807
  19   1407
  23   2671
  31   2315
  36   2136
  31   2315
  19   2815
  31   2315
  40   2022
  58   1634
  72   1417
  51   1772
  58   4903
 150    833
  40   2022
  58   1634
 102   1126
  90   1225
  58   2451
  72    708
  90   1225
 102   1126
  40   2022
  58   1634
 102   1126
  90   1225
  58   2451
  72    708
  90   1225
 102   1126
  13   4807
  19   1407
  23   2671
  31   2315
  36   2136
  31   2315
  19   2815
  31   2315
  40   2022
  58   1634
  72   1417
  51   1772
  58   4903
  58   1634
  58   2451
  51    886
  58   1634
  58   1634
   7   7184
  19   2815
  58   1634
  58   2451
  51    886
  58   1634
  58   1634
   7   7184
  19   2815
  31   2315
  23   4006
  31   1157
  31   2315
  31   2315
  23   4006
  31   1157
  31   2315
  31   2315
  19   2815
  23   2671
  31   2315
  23   2671
  31   4630
  36   2136
  58    817
  45    946
  40   3034
  31   1157
  40   2022
  40   2022
   0   8928
  13   3205
  40   2022
  40   3034
  31   1157
  40   2022
  40   2022
   0   8928
  13   3205
  40    707
  40    657
  40    657
  40   4045
 900    157
  40    707
  40    657
  40    657
  40   4045
 900    157
  40    707
  40    657
  40    657
  40   2022
  4 707
  40    657
  40    657
  40   2022
  40    707
  40    657
  40    657
  40   2022
  40    707
  40  657
  40    657
  40   2022
  40    707
  40    657
  40    657
   0   8928
   2   6250
  16   1498
   7   3592
  13   3205
  19   2815
  31   2315
  40    253
  31    289
  40    253
  31    289
  40    253
  31    289
  40    253
  31    289
  40    253
  31    289
  40    253
  31    289
  40    253
  31    289
  45    236
  40    252
  31   2315
  72   1062
  31    578
  23   2671
 150    416
 102    563
  72    708
  40   1011
  23   1335
  13   1602
   0   8928
   2   6250
  16   1498
   7   3592
  13   3205
  19   2815
  31   2315
  40    253
  31    289
  40    253
  31    289
  40    253
  31    289
  40    253
  31    289
  40    253
  31    289
  40    253
  31    289
  40    253
  31    289
  45    236
  40    252
  23   2671
  31   1736
  23    667
  31   4630
  40   2022
 900    157
  40   4045
  40   3034
  40   1011
  23   2671
  31   2315
  45   1893
  72   1417
  72   2480
  40    505
  40   3539
  23    667
  23   2671
  31   2315
  45   1893
  72   1417
  72   2480
  23    667
  23   4674
  13    801
  13   6410
  19   2815
  23   2671
  31   2315
  36   1602
  23    667
  31   2315
  58   1225
  40    505
  45   1893
  13   3205
   7   3592
   2   4166
   0   8928
   2   6250
  16   1498
   7   3592
  13   3205
  19   2815
  31   2315
  40    253
  31    289
  40    253
  31    289
  40    253
  31    289
  40    253
  31    289
  40    253
  31    289
  40    253
  31    289
  40    253
  31    289
  45    236
  40    252
  31   2315
  72   1062
  31    578
  23   2671
 150    416
 102    563
  72    708
  40   1011
  23   1335
  13   1602
   0   8928
   2   6250
  16   1498
   7   3592
  13   3205
  19   2815
  31   2315
  40    253
  31    289
  40    253
  31    289
  40    253
  31    289
  40    253
  31    289
  40    253
  31    289
  40    253
  31    289
  40    253
  31    289
  45    236
  40    252
  23   2671
  31   1736
  23    667
  31   4630
  40   4045
-1
