


 CONVER


    900       1136
      7       2154
     23       1602
     36       1282
     23       1602
      7       2154
     23       1602
     36       1282
     23       1602
      7       2154
     23       1602
     36       1282
     23       1602
      7       2154
     23       1602
     36       1282
     23       1602
     45       1136
      7       2154
     10       2016
     16       1798
     23       1602
     31       1388
     36       1282
     45       1136
     36       1282
     58        980
     45       1136
     36       1282
     31       1388
     23       1602
     16       1798
     10       2016
      7       2154
     23       1602
     36       1282
     23       1602
      7       2154
     23       1602
     36       1282
     23       1602
      7       2154
     27       1478
     45       1136
     27       1478
      7       2154
     16       1798
     45       1136
     16       1798
     10       2016
     16       1798
     23       1602
     16       1798
     45       2272
     27       2958
     23       3204
     45       1136
     36       1282
     45       1136
     36       1282
     45       1136
     36       1282
     45       1136
     66        898
    102        674
     66        898
     45       1136
     66        898
    102        674
     66        898
     23       1602
     36       1282
     58        980
     36       1282
     23       1602
     36       1282
     58        980
     36       1282
     31       1388
     45       1136
     66        898
     45       1136
     31       1388
     45       1136
     66        898
     45       1136
     36       1282
    102        674
     80        792
     66        898
     58        980
     45       1136
     36       1282
     31       1388
     23       1602
     36       1282
     58        980
     36       1282
     23       1602
     36       1282
     58        980
     36       1282
     23       1602
     45       1136
     66        898
     45       1136
     23       1602
     45       1136
     66        898
     45       1136
     36       1282
     58        980
     80        792
     58        980
     36       1282
     58        980
     80        792
     58        980
     36       1282
     66        898
    102        674
     66        898
     36       1282
     66        898
    102        674
     66        898
      7       2154
     16       1798
     31       1388
     16       1798
      7       2154
     16       1798
     36       1282
     16       1798
      7       2154
     23       1602
     36       1282
     23       1602
      7       2154
     23       1602
     36       1282
     23       1602
     31       1388
     23       1602
     16       1798
     23       1602
     31       1388
     36       1282
     45       1136
     58        980
     66        898
     58        980
     45       1136
     58        980
     66        898
     80        792
    102        674
    125        568
    140        520
    102        674
    125        568
     80        792
    102        674
     66        898
     80        792
     58        980
     66        898
     45       1136
     58        980
     36       1282
     45       1136
     31       1388
     36       1282
     23       1602
     31       1388
     23       1602
     31       1388
     23       1602
     16       1798
     23       1602
     31       1388
     36       1282
     45       1136
     36       1282
     45       1136
     36       1282
     31       1388
     23       1602
     31       1388
     23       1602
     16       1798
     23       1602
     16       1798
     23       1602
     31       1388
     36       1282
     31       1388
     36       1282
     45       1136
     36       1282
     45       1136
     36       1282
     31       1388
     23       1602
     31       1388
     23       1602
     16       1798
     23       1602
     16       1798
     23       1602
     31       1388
     36       1282
     31       1388
     36       1282
     45       1136
     36       1282
     45       1136
     36       1282
     31       1388
     36       1282
     31       1388
     36       1282
     36       1282
     23       1602
     31       1388
     16       1798
     23       1602
     10       2016
     16       1798
      7       2154
     10       4032
     16       1798
     23       1602
      7       2154
    900         94
     58        980
    900         94
     36       2564
     45       1136
     58        980
    102        674
    900         94
     66        898
    900         94
     58        980
    900         94
    102        674
    900         94
     58       3922
     58        980
     45       1136
     36       1282
     31       1388
     36       1282
    900         94
     45       1136
    900         94
     58        980
    900         94
     23       6410
     31       1388
    900         94
     36       2564
     31       1388
     36       1282
     31       1388
    900         94
     45       1136
    900         94
     36       1282
     31       1388
     23       1602
     16       1798
     23       1602
    900         94
     31       1388
    900         94
     36       2564
     31       1388
     36       1282
     31       1388
    900         94
     45       1136
    900         94
     36       1282
    900         94
     45       1136
    900         94
     58       3922
      7       2154
     23       1602
     36       1282
     23       1602
      7       2154
     23       1602
     36       1282
     23       1602
      7       2154
     23       1602
     36       1282
     23       1602
      7       2154
     23       1602
     36       1282
     23       1602
     45       1136
      7       2154
     10       2016
     16       1798
     23       1602
     31       1388
     36       1282
     45       1136
     36       1282
    900         94
    102        674
    900         94
     58       3922
     23       6410
     16       1798
     23       1602
     31       1388
     36       1282
     31       1388
    900         94
     16       7194
     16       1798
    900         94
     23       1602
     31       1388
     36       1282
     23       1602
     31       1388
     36       1282
     45       1136
     31       1388
     36       1282
    900         94
     23       6410
     23       1602
    900         94
     31       1388
     36       1282
     45       1136
     31       1388
     36       1282
     45       1136
     58        980
     36       1282
     45       1136
    900         94
     23       1602
    900         94
     66        898
     58        980
     45       1136
     36       1282
     45       1136
    900         94
     23       1602
    900         94
     66        898
     58        980
     45       1136
     36       1282
     45       1136
    900         94
     23       1602
    900         94
     23       1602
    900         94
     23       1602
    900         94
     23       1602
     45       1136
     66        898
     45       1136
     23       1602
     45       1136
     66        898
     45       1136
     23       1602
     45       1136
     66        898
     45       1136
     23       1602
     45       1136
     23       1602
     10       2016
     16       1798
     23       1602
     27       1478
     36       1282
     45       1136
     58        980
     66        898
     80        792
     66        898
    102        674
     80        792
     66        898
     58        980
     45       1136
     36       1282
     27       1478
     23       1602
     16       1798
     10       2016
      7       2154
     10       2016
    900         94
     16       1798
    900         94
     23       1602
    900         94
     45       4544
     58        980
    900         94
     66       1798
     58        980
     66        898
     58        980
    900         94
     80        792
    900         94
     66        898
     58        980
     45       1136
     36       1282
     45       1136
    900         94
     27       1478
    900         94
     23       3204
     16       1798
     10       2016
      7       2154
    900         94
     16       1798
    900         94
     10       2016
    900         94
     16       1798
    900         94
     23       6410
      2       2500
     10       2016
     23       1602
     10       2016
      2       2500
     10       2016
     23       1602
     10       2016
      2       2500
     16       1798
     27       1478
     16       1798
      2       2500
     16       1798
     27       1478
     16       1798
     10       2016
     23       1602
     36       1282
     23       1602
     10       2016
     23       1602
     36       1282
     23       1602
     10       2016
     27       1478
     45       1136
     27       1478
     10       2016
     27       1478
     45       1136
     27       1478
     23       1602
     36       1282
     58        980
     36       1282
     23       1602
     36       1282
     58        980
     36       1282
     23       1602
     45       1136
     66        898
     45       1136
     23       1602
     45       1136
     66        898
     45       1136
     58        980
     45       1136
     36       1282
     45       1136
     58        980
     66        898
     80        792
    102        674
    115       2438
    900        188
     16       3596
     10       4032
     16       3596
     16       3596
     23       3204
      7       4310
     10       4032
     10       4032
     16       3596
     10       2016
      7       2154
     10       2016
     16       1798
     16       1798
     10       2016
     16       1798
     23       1602
     16       1798
     10       2016
     16       1798
     23       1602
     23       1602
     16       1798
     23       1602
     27       1478
     36       1282
     27       1478
     36       1282
     45       1136
     58        980
     45       1136
     58        980
     66        898
     80        792
     66        898
     80        792
     66        898
     58        980
     45       1136
     58        980
     45       1136
     36       1282
     45       1136
     36       1282
     45       1136
     58        980
     66        898
     58        980
     66        898
     80        792
     66        898
     80        792
     66        898
     58        980
     45       1136
     58        980
     45       1136
     36       1282
     45       1136
     36       1282
     45       1136
     58        980
     66        898
     58        980
     66        898
     80        792
     66        898
     80        792
     66        898
     58        980
     45       1136
     58        980
     45       1136
     66        898
    900         94
     23       1602
    900         94
     80        792
    900         94
     27       1478
    900         94
     23       1602
    900         94
     45       1136
    900         94
    102       2702
     36       1282
     31       1388
     23       1602
     16       1798
     23       1602
    900         94
     31       1388
    900         94
     36       1282
    900         94
     23       6410
     31       1388
    900         94
     36       2564
     31       1388
     36       1282
     31       1388
    900         94
     45       1136
    900         94
     36       1282
    900         94
     45       1136
    900         94
     58       3922
      7       2154
     23       1602
     36       1282
     23       1602
      7       2154
     23       1602
     36       1282
     23       1602
      7       2154
     23       1602
     36       1282
     23       1602
      7       2154
     23       1602
     36       1282
     23       1602
     45       1136
      7       2154
     10       2016
     16       1798
     23       1602
     31       1388
     36       1282
     45       1136
     36       1282
     58        980
     45       1136
     36       1282
     58        980
    900         94
    900        188
     36       2564
     45       2272
     45       2272
     58       1960
     31       2778
     36       2564
     36       2564
     45       2272
     36       1282
     31       1388
     36       1282
     45       1136
     45       1136
     36       1282
     45       1136
     58        980
     45       1136
     36       1282
     45       1136
     58        980
     58        980
     45       1136
     58        980
     66        898
     58        980
     45       1136
     36       1282
     31       1388
     36       1282
    900         94
     45       1136
    900         94
     58        980
    900         94
      7       8620
     10       2016
    900         94
     16       3596
     10       2016
     16       1798
     10       2016
    900         94
     19       1688
    900         94
     16       1798
    900         94
     36       1282
    900         94
     45       1136
    900         94
     36       1282
    900         94
     16       1798
     36       1282
     58        980
     36       1282
     16       1798
     36       1282
     58        980
     36       1282
     16       1798
     36       1282
     58        980
     36       1282
     16       1798
     36       1282
     16       1798
      7       2154
     10       2016
     16       1798
     19       1688
     27       1478
     36       1282
     45       1136
     58        980
     66        898
     58        980
    140        520
    115        608
     90        734
     80        792
     66        898
     58        980
     45       1136
     36       5128
     80       3174
     31       5556
     45       6818
     36       1282
     31       1388
     23       1602
    900         94
     45       1136
    900         94
     36       5128
     58       5884
     45       1136
     36       1282
     31       1388
    900         94
     58        980
    900         94
     66       5396
     58        980
     45       1136
     36       1282
    900         94
     66        898
    900         94
     58        980
    900         94
     80       3174
     66        898
     58        980
     45       1136
    900         94
     66       3596
     58        980
     45       1136
     36       1282
    900         94
     58       3922
     45       1136
     36       1282
     31       1388
    900         94
     45       2272
     51       2126
     45       2272
     19        844
     16        900
     19        844
     16        900
     19        844
     16        900
     19        844
     16        900
     19        844
     16        900
     19        844
     16        900
     19        844
     16        900
     27        738
     19        844
     16       3596
     36       2564
     58       1960
     36       2564
     16       3596
     19       1688
     31       1388
     36       1282
    900         94
     45       1136
    900         94
     58       3922
     66        450
     58        490
     66        450
     58        490
     66        450
     58        490
     66        450
     58        490
     80       3174
    900        378
      7       2154
     16       1798
     31       1388
     16       1798
      7       2154
     16       1798
     31       1388
     16       1798
      7       2154
     23       1602
     36       1282
     23       1602
      7       2154
     23       1602
     36       1282
     23       1602
     16       1798
     31       1388
     45       1136
     31       1388
     16       1798
     31       1388
     45       1136
     31       1388
     16       1798
     36       1282
     58        980
     36       1282
     16       1798
     36       1282
     58        980
     36       1282
     31       1388
     45       1136
     72        850
     45       1136
     31       1388
     45       1136
     72        850
     45       1136
     31       1388
     58        980
     80        792
     58        980
     31       1388
     58        980
     80        792
     58        980
     13       1922
     16       1798
     23       1602
     31       1388
     36       1282
     45       1136
     58        980
     72        850
     80       1586
    900        568
     80        792
     72        850
     58        980
     45       1136
     58        980
    900         94
     72        850
    900         94
     80        792
    900         94
     16       7194
     23       1602
    900         94
     31       2778
     23       1602
     31       1388
     23       1602
    900         94
     36       1282
    900         94
     31       1388
    900         94
      7       9698
     13       1922
    900         94
     16       3596
     13       1922
     16       1798
     13       1922
    900         94
     23       1602
    900         94
     16       1798
    900         94
     23       1602
    900         94
     31       5556
     58        980
     80        792
    125        568
     80        792
     58        980
     80        792
    125        568
     58        980
     45       1136
     80        792
    115        608
     80        792
     45       1136
     80        792
    115        608
     80        792
     45       1136
     66        898
    102        674
     66        898
     45       1136
     66        898
    102        674
     66        898
     36       1282
     66        898
     90        734
     66        898
     36       1282
     66        898
     90        734
     66        898
     36       1282
     58        980
     80        792
     58        980
     36       1282
     58        980
     80        792
     58        980
     31       1388
     58        980
     80        792
     58        980
     31       1388
     58        980
     80        792
     58        980
     31       1388
     45       1136
     72        850
     45       1136
     31       1388
     45       1136
     72        850
     45       1136
     23       1602
     45       1136
     66        898
     45       1136
     23       1602
     45       1136
     66        898
     45       1136
     36       1282
     31       1388
     23       1602
     16       1798
     23       1602
    900         94
     31       1388
    900         94
     36       1282
    900         94
     23       6410
     31       1388
    900         94
     36       2564
     31       1388
     36       1282
     31       1388
    900         94
     45       1136
    900         94
     36       1282
    900         94
     31       1388
    900         94
     36       1282
    900         94
     45       1136
    900         94
     36       1282
    900         94
     45       4544
     58        980
    900         94
     31       1388
    900         94
     36       5128
     45       1136
    900         94
     36       1282
     31       1388
     23       1602
     16       1798
     23       1602
    900         94
     23       1602
    900         94
     66        898
    900         94
     58       3922
     45       1136
    900         94
     36       1282
     31       1388
     23       6410
     58       1960
     66        898
     58        980
     45       4544
     36       2564
     31       1388
     23       1602
     16       7194
     45       2272
     51       1062
     45       1136
     36       5128
     80       1586
     45       2272
     36       1282
     31       1388
     23       1602
    900         94
     36       1282
    900         94
     31       1388
    900         94
     51       1062
    900         94
     45       6818
     36       1282
     31       1388
     23       1602
    900         94
     45       1136
    900         94
     36       1282
    900         94
     66        898
    900         94
     58       5884
     72        850
     80        792
     72       1700
     80        792
    102        674
     80       1586
     66        898
     58        980
     45       6818
     58        980
     66        898
     58       1960
     66        898
     80        792
     66       1798
    102        674
     66        898
     45       1136
     66        898
    102        674
     66        898
     23       1602
     36       1282
     58        980
     36       1282
     23       1602
     36       1282
     58        980
     36       1282
     23       1602
     45       1136
     66        898
     45       1136
     23       1602
     45       1136
     66        898
     45       1136
     36       1282
     58        980
     80        792
     58        980
     36       1282
     58        980
     80        792
     58        980
     36       1282
     66        898
    102        674
     66        898
     36       1282
     66        898
    102        674
     66        898
      7       2154
     16       1798
     31       1388
     16       1798
      7       2154
     16       1798
     31       1388
     16       1798
      7       2154
     23       1602
     36       1282
     23       1602
      7       2154
     23       1602
     36       1282
     23       1602
     31       1388
     23       1602
     16       1798
     23       1602
     31       1388
     36       1282
     45       1136
     58        980
     66        898
    59        980
     -1