
WHAT HAVE THEY DONE TO THE RAIN             KAREN SENIOR

84  30

19  2    19  2    19  1    19  3    19  4    17  2    17  2
19  2    21  2

19  7    19  1    15  4    15  1    15  1    15  5    17  1
15  2    14  4

14  1    14  1    19  8

17  2    17  2    17  1    17  3    14  8    19  2    19  2
19  1    22  3

19  8    21  4    21  2    19  2    17  5    19  1    21  2
19  10

19  2    19  2    19  1    19  3    19  8    17  2    17  2
19  2    21  2

19  7    19  1    15  3    15  1    15  2    19  2    17  6
15  2

14  10    0  2N   14  2    14  2    17  4    17  4    14  6
14  2

15  2    19  2    17  2    15  6    15  2

17  4    21  4    17  2    15  4    17  2    19  4    22  4

19  6    19  2    21  4    21  2    19  2    17  4    19  2
21  2

19  16

<! Halt !>