
FASCINATING RHYTHM
436   8

25 3 25 1 23 3 25 1 22 4 23 3 25 1
22 4 23 3 25 1 21 4 23 4
0 3 25 1 23 3 25 1 22 3 23 1 25 4
18 16
 0 3 25 1 23 3 25 1 22 4 23 3 25 1
22 4 23 3 25 1 21 4 23 4
 0 3 25 1 23 3 22 1 20 3 18 1 21 4
25 16
 0 3 18 1 16 3 18 1 15 4 16 3 18 1
15 4 16 3 18 1 14 4 16 4
 0 3 18 1 16 3 18 1 15 3 100 0 16 1 18 4
11 16
 0 3 18 1 16 3 18 1 15 3 16 1 16 3 18 1
 0 3 16 1 15 3 16 1 13 3 14 1 14 3 16 1
 0 3 23 1 21 3 23 1 19 3 21 1 21 3 23 1
18 12 0 4

23 2 20 2 21 2 23 2 18 2 18 2  0 2 23 2
20 2 21 2 23 2 18 2 18 2  0 2 23 2 20 2
21 2 23 2 18 2 18 2  0 2 23 2 20 2 21 2
23 4 30 12
18 2 15 2 16 2 18 2 13 2 13 2  0 2 18 2
15 2 16 2 18 2 13 2 13 2  0 2 18 2 14 2
16 2 18 2 13 2 13 2  0 2 18 2 15 2 16 2
18 4 25 12
0 4  25 4 20 4 18 4
16 4 18 2 14 2 100 0 14 2 18 2 16 4
21 16
18 2 21 2 21 2 21 2 18 2 21 2 21 2 21 2
 0 4 25 4 21 4 18 4
13 4 14 2 11 2 100 0 11 2 16 2 14 4
18 16
 0 4 16 4 20 4 21 4
23 2 20 2 21 2 23  2 18 2 18 2 0 2 23 2
20 2 21 2 23 2 18 2 18 2  0 2 23 2 20 2
21 2 23 2 18 2 18 2  0 2 23 2 20 2 21 2
23 4 30 12
18 2 15 2 16 2 18 2 13 2 13 2  0 2 18 2
15 2 16 2 18 2 13 2 13 2  0 2 18 2 14 2
16 2 18 2 13 2 13 2  0 2 18 2 15 2 16 2
18 4 25 12
0 4  25 4 20 4 18 4
16 4 16 2 14 2 100 0 14 2 16 2 14 4
 0 4 13 4 11 2 14 6
16 16
23 2 20 2 21 2 23 2 18 2 18 2  0 2 23 2
20 2 21 2 23 2 16 2 100 0 16 2 13 2 21 4
25 16 0 16


23 2 20 2 21 2 23 2 18 2 18 2  0 2 23 2
20 2 21 2 23 2 18 2 18 2  0 2 23 2 20 2
21 2 23 2 18 2 18 2  0 2 23 2 20 2 21 2
23 4 30 12
18 2 15 2 16 2 18 2 13 2 13 2  0 2 18 2
15 2 16 2 18 2 13 2 13 2  0 2 18 2 14 2
16 2 18 2 13 2 13 2  0 2 18 2 15 2 16 2
18 4 25 12
0 4  25 4 20 4 18 4
16 4 18 2 14 2 100 0 14 2 18 2 16 4
21 16
18 2 21 2 21 2 21 2 18 2 21 2 21 2 21 2
 0 4 25 4 21 4 18 4
13 4 14 2 11 2 100 0 11 2 16 2 14 4
18 16
 0 4 16 4 20 4 21 4
23 2 20 2 21 2 23  2 18 2 18 2 0 2 23 2
20 2 21 2 23 2 18 2 18 2  0 2 23 2 20 2
21 2 23 2 18 2 18 2  0 2 23 2 20 2 21 2
23 4 30 12
18 2 15 2 16 2 18 2 13 2 13 2  0 2 18 2
15 2 16 2 18 2 13 2 13 2  0 2 18 2 14 2
16 2 18 2 13 2 13 2  0 2 18 2 15 2 16 2
18 4 25 12
0 4  25 4 20 4 18 4
16 4 16 2 14 2 100 0 14 2 16 2 14 4
 0 4 13 4 11 2 14 6
16 16
23 2 20 2 21 2 23 2 18 2 18 2  0 2 23 2
20 2 21 2 23 2 16 2 100 0 16 2 13 2 21 4

25 16 25 2 0 14
