99
5
24 32
23 8
24 8
25 8
24 8
23 32
22 8
21 32
19 8
17 8
16 8
14 8
16 8
17 8
19 8
21 4
16 4
17 4
19 4
21 4
23 4
24 4
26 4
28 16
28 8
26 8
24 16
24 16
24 8
19 16
21 8
28 16
28 16
28 8
21 16
23 8
24 24
24 8
23 8
24 8
26 8
28 8
26 8
12 8
14 8
16 8
17 8
19 8
21 8
23 8
24 32
23 8
24 8
25 8
24 8
23 32
22 8
21 32
19 8
17 8
16 8
14 8
16 8
17 8
19 8
21 4
16 4
17 4
19 4
21 4
23 4
24 4
26 4
28 24
28 8
26 8
24 16
24 16
24 8
19 16
21 8
16 48
28 8
26 8
24 16
24 16
19 8
19 8
23 8
29 8
28 4
16 4
17 4
19 4
21 4
23 4
24 4
26 4
28 32
