4 172,
5 6
4 173,
5 193,
5 189,
5 173,
0 189,
14 1
4 190,
+130048
5 190,
3 189,
4 6
6 174,
1 215,
5 191,
2 178,
7 81,
5 180,
0 6
8 112,
0 191,
/4 0
5 192,
6 217,
7 29,
4 193,
1 218,
5 193,
4 192,
6 188,
14 0
1 176,
7 60,
1 177,
7 60,
1 175,
7 72,
1 175,
7 96,
1 175,
7 86,
1 175,
7 62,
1 175,
7 64,
1 175,
7 66,
1 175,
7 68,
1 175,
7 98,
1 175,
7 70,
4 179,
1 193,
5 193,
4 191,
5 178,
8 6,
4 203,
8 55,
4 183,
8 55,
4 184,
8 55,
4 185,
8 55,
4 186,
8 55,
4 222,
8 55,
4 190,
9 92,
7 94,
4 222,
1 193,
5 193,
4 180,
7 124,
8 57,
4 191,
1 201,
5 191,
4 173,
8 18,
4 190,
9 90,
4 182,
8 76,
4 203,
8 76,
4 182,
8 76,
4 206,
8 76,
4 179,
8 76,
4 192,
6 174,
2 194,
9 110,
2 194,
12 187,
3 191,
4 191,
1 222,
1 193,
5 193,
8 57,
1 194,
8 103,
/4 0
6 188,
7 116,
8 21,
4 203,
1 193,
5 193,
8 21,
+0
+0
+0
+0
4 219,
+129024
4 220,
+129024
4 221,
+129024
4 212,
+129024
4 213,
+129024
4 223,
5 1
4 214,
+129024
10 1
4 1
9 136,
4 223,
5 195,
4 173,
5 178,
0 195,
/4 202,
5 192,
4 173,
0 193,
14 2
13 192,
+122879
7 168,
5 191,
12 192,
3 192,
4 192,
2 193,
5 193,
0 191,
/4 202,
+129024
5 178,
10 195,
4 195,
9 145,
8 167,
4 178,
7 164,
4 173,
8 154,
+0
+0
+8191
-8192
-16384
-32768
+0
+27
+0
+65544
+25
+30
+38
+186
+192
+9
+122880
+0
+0
+0
+0
+0
+4096
+0
+100000
+10000
+1000
+100
+10
+1
+48
+33
+34
+51
+36
+53
+54
+39
+40
+57
+77
+85
+144
-1
-2
/0 0
+8
+18
+116
+89
+28
-6
)