
  0 1674  0    1  0    0  0 4096  3 1418  0 5415  3 1420  1    0
  8 3952  8   21  8   23  8 8022  8 8024  8 8031  8 8033  8 3847
  8 8039  8 8042  8 8036  8 8086  0    0  4 3955  8 8123  4 3956
  8 8123  8 2523  0    0  1 8178  0 7350  0 4540  0 4540  8   31
 20    0  2   30  7   42 16    0  8   38  0  137 14    1  3   77
 20    2  9   32  4   77  0  136 21    2  4 1315  8 1843 20    2
  9 1787 20    0 18    4  7 1787  4  139  2 3761  7 1787 20    3
  2 1319  7   60 16    4  8 1794 20    4 16    4  8 1782  8   57
 10  136 10  136  4   76 21    2  8 1916  0  181 20    2  8   73
  4  137  5   76  0  136  8 2288  0    0  0    0  0  137 20    2
  9 2006 20    4  8 2007  5  136 20    3  5  139 20    0  5  137
  8 2022  5  137 20    3  5  139  0  137 20    5  2  137  7  100
  4  137  1  118  5  136  8 2022  4  137  1  118  5  137  8   92
 20    2  8   83  0    0  0  180 20    0  5   77 20    3 21    0
  4   77 21    3 11  335  8  336  0  106 24    1  0    5  0  136
  4  135  1 3808 21    0  4 3794  2  135  5   77  0   77  8 3932
  0    0  0    0  0    0  0 3960  0 8191  0 8191  0    1  0    0
  0    0  0    0  0    0  0    0  0 1326  0  533  0  594  0  666
  0  680  0  972  0  623  0 3380  0  307  0 3361  0  460  0 3506
  0 3635  8 3667  0 3252 31 8191 31 8191  0 1317  8 1561 31 8191
 31 8191 31 8191 31 8191 31 8191 31 8191  0 2550  8 1408  0 2837
  0  199  0 1615  0 7935  0 2821  0 2808  0    0  0 1480  0 7512
  0    0  0    0  0    0  0    0  0   74 12 4096  0    0  0 4094
  1 2080  0    0  0    0  0    0  0    0  0    4  0    0  0    0
  0 7803  0    0  0    0  0   32 31 8191  0    0  0    0  0    3
  0    4  0    0 31 8191  0    0  0    0  0    0  0    0  0    0
  0    0  0    0  0    0  0    0  0    0  0    0  0    0  0    0
  0    0  0    0  0    0  0    0  0    0  0    0  0    0  0    0
  0   16  0 1726  0    0  0    0  0    0  0    0  0 3082  0    0
  0    0  0    0  0    0  0    0  0    0  0    0  0    0  0    0
  0    0  0    0  0    0  0    0  0    0  0    0  0    0  0    0
  0    0  0    0  0    0  0 3647  0 3647  0 3645  0 3647  0 3647
  0 3647  0 3647  0 3647  0 3647  0 3647  0    0  0    0  0    0
  0    0  0  180 20    0  5  183 20    1  5  184 20    2  5  185
  0  264 24    1  0    0 11  165  8 1408  4  183  9  287  4 3754
  5  183  4 3755  5  184  4 3756  5  185  0  274 24    1  4 3757
  5  183  4 3758  8  282  0    0  0  180 20    0  5  183 20    1
  5  184 20    2  5  185 20    3  5  186 20    4  5  187 20    5
  5  188  0  291 24    1  0    0  0  180  4  183 21    0  4  184
 21    1  4  185 21    2  0  307 24    1  0    0  0  180 20    0
  9  328 20    3  9  330 17    0  9  334 21    0  0  317 24    1
 20    3  9  332 17    0  8  325 17    0  9  325  8 1565  0    0
  0  180 20    3  2 3758 21    3  1 3757  7  345  4  335  5  317
  8  319 20    0  9  348  8  334 17    3 21    0  0  335 24    1
  0    0  0  180 20    0 28    3  3  191  7  361  1 3759  7  365
  8  334  4  191 21    0  0  352 24    1  4  191  1 3757  8  362
  0    0  0  180 20    0  7  394  5  191 20    3  9 1785  7  396
  2 3758  5  261 10  261  4  261  7  392  4  191 28    0  3  191
  7  378  1 3759  7  388  8 1565  4  191  1 3757  5  191  8  378
  4  191 21    0  0  368 24    1  4 3759  8  393  0    0  4 3758
  0  180 21    0  0  398 24    2  4 3759  8  400  0    0 11  335
  8  336 11  398  9  404  8  399  0  406 24    1 24    1  0    0
 11  106  8  107 11  398  9  399  8  404  0  415 24    1 24    1
  0    0  0  180 20    0 18    3 11  398  7  404  8  399  0  424
 24    1  0    0  0  180 20    0 18    3 11  398  7  399  8  404
  0  433 24    1  0    0 11  106  8  107 11  398  9  404  8  399
  0  442 24    1 24    1  0    0 11  335  8  336 11  398  9  399
  8  404  0  451 24    1 24    1  0 3066  4 3758  5  224  4  183
  7  475  9  480 14    1  9  490 10  224  8  466  4 3758  5  183
  5  184  5  185  8  513  4 3760  5  224  4  184  7  473  8  466
  1 3759  7  484  4  183  8  488  4 3761  5  224  4  184 10  224
 14    1  9  487  4  224  5  224  2  185  5  185  1 3762  9  470
  1 3763  9  502  4  460  5  274  4 3764  8  275  4  224  7  513
  6 3765  1  515  5  510  0  184 14    1  4  183 14 8191  3  184
  5  183  0  460 24    1 14    0  0    0  0  184 14    1  4  183
 14 8191  5  183  3  184  0  187 14    1  4  186 14 8191  5  186
  3  187 10  185 10  188  0  516 24    1  0    0 11  291  8  292
  4  183  7  587  4  186  7  564 11  516  8  517  4  185  2  188
  9  571  2 3758  1 3766  6 3767  5  554  4  188  5  185  0  184
 14    1  4  183  0    0  3  184  1  186  5  183  4  184  1  187
  9  568  5  184 11  460  8  461 11  307  8  308  0  533 24    1
  6 3754 10  183  8  561  6 3767  5  576  0  187 14    1  4  186
  0    0  3  187  1  183  5  183  4  187  1  184  9  584  8  561
 10  183  6 3754  8  561  4  186  5  183  4  187  5  184  4  188
  5  185  8  562  0    0 11  291  8  292  4  186  9  614  4  187
  7  611  2 3758  6 3754  5  187  4  186  2 3758  1 3768  5  186
  4  594  5  533  8  536  4  186  2 3758  8  607  1 3757  7  617
  8  599  4  187  7  620  8  601  4 3769 10  188  8  607  0    0
  4  186 12  183  5  200  3  201  4  187 12  183 14 8175  3  202
  1  200  5  183  4  201  1  202  9  655  5  201  4  186 12  184
 14 8175  3  202  1  183  5  183  4  202  1  201  9  652  5  184
  7  658  4  183  0  623 24    1  6 3754 10  183  8  647  6 3754
 10  183  8  637  4  183  1 3757  7  662  8  649  4 3754  5  183
  5  184  8  650  0    0 11  291  8  292  4  185  1  188  5  185
 11  623  8  624 11  460  8  461 11  307  8  308  0  666 24    1
  0    0 11  291  8  292  0  184 14    1  4  183 14 8191  3  184
  5  183  7  705 10  185  4  186  7  707  5  207  4  187  5  208
 11 3380  8 3381  4  188  2  185  5  185 11  460  8  461 11  307
  8  308  0  680 24    1  4 3764 11  274  8  275  8  703  0    0
 11  594  8  595  4  183 11  398  9  404  8  399  0  711 24    1
  0    0 11  594  8  595  4  183 11  398  9  404  8  729  0  720
 24    1  7  404  8  399  0    0 11  594  8  595  4  183 11  398
  7  404  8  399  0  731 24    1  0    0 11  594  8  595  4  183
 11  398  7  399  8  404  0  740 24    1  0    0 11  594  8  595
  4  183 11  398  9  399  8  758  0  749 24    1  7  399  8  404
  0    0 11  594  8  595  4  183 11  398  9  399  8  404  0  760
 24    1  0    0  0  180 20    3  5  183  4 3758  5  184  4 3760
  5  185 11  460  8  461  4  183  5  186  4  184  5  187  4  185
  5  188  0  180 20    0  5  183  4 3758  5  184  4 3760  5  185
 11  460  8  461 11  307  8  308  0  769 24    1  0    0  0  180
 20    0  7  803 20    3 11  398  7  399  8  404  0  798 24    1
  0    0  0  180 20    0 11  398  7  816  8  404  0  808 24    1
 20    3  7  399  8  404  0    0  0  180 20    0  7  829 20    3
 11  398  7  399  8  404  0  819 24    1 20    3 11  398  7  404
  8  399  8  827  0    0  0  180 20    0 11  398  7  404  8  842
  0  834 24    1 20    3  7  399  8  404  0    0  0  180 20    0
 11  398  7  404  8  399  0  845 24    1  0    0 11  291  8  292
  4  183  9  880  7  878  4  186  7  888  5  195  4  187  5  196
  4  188  5  197 11 1119  8 1122  4  195  5  186  4  196  5  187
  4  197  5  188 11  666  8  669 11 1229  8 1232  0  853 24    1
  4 3770 11  165  8 1408  4 3758  5  183  5  184  5  185  8  894
  4 3769  5  183  4 3758  5  184  4 3759  5  185 11  307  8  308
  8  878  0    0 11  769  8  770 11  680  8  683  0  897 24    1
  0    0  0  180 20    0  7  960 20    3  9  955  7  966  2 3758
  5  195  4 3758  5  263  5  184 20    0  5  183  4 3760  5  185
 11  460  8  461  4  183  5  186  4  184  5  187  4  185  5  188
 10  195  4  195  9  932  8  935 11  666  8  669  8  928  4  263
  9  940  8  963  0  904 24    1  4  183  5  186  4  184  5  187
  4  185  5  188  4 3769  5  183  4 3758  5  184  4 3759  5  185
 11  680  8  683  8  938  5  195  4 3757  5  263  4 3758  8  915
  5  183  5  185  5  184 11  307  8  308  8  938  4 3769  5  183
  4 3759  5  185  4 3758  8  962  0    0  0  180 20    2  9  988
  7  988  2 3760  9  334  7  986  2 3758  6 3767  5  984 20    0
  0    0 21    0  0  972 24    1 20    0  9  992  4 3758  8  985
  4 3768  8  985  0    0  0  180 20    0  9 1000  0  994 24    1
  1 3757  7 1016 20    0  2 3758 21    0 20    1  2 3758  9 1010
 21    1  8  998  6 3754 21    1 20    0  1 3768 21    0  8  998
 20    1  7 1019  8 1002 26    2  4 3769  8 1014  0    0  0  180
 20    0  7 1031  9 1033  4 3759 21    0  0 1022 24    1  4 3758
  8 1028  4 3768  8 1028  4 3771  2  136  5  180  1 3772  5  136
  0  180 20    3  7 1565  5  191  1 3768  7 1726  1 3773  7 1067
  4 3758  5  192  4  191  9 1073 20    0  9 1080 20    0  0 3758
 14 8176 13  191 14 8191  0  180 21    0  4  192  7 1726 20    0
  2 3758 21    0  8 1726 20    0  2 3758 21    0  1 3757  7 1565
  8 1726  2 3758  5  191  9 1089 20    0  9 1081 10  192  8 1054
 10  192  2 3758 21    0  9 1085  8 1054  0 3758  4 3773 13  191
  8 1058 18    0  7 1092  4 3768  1 3759  8 1059  4 1118  5  904
  4  136  1 3774  5  180  1 3772  5  136 11  264  8  265  0  180
 20    0  7  960 20    3  7  966  9 1114  2 3758  5  195  4 3758
  5  263  8  922  5  195  4 3757  5  263  8  922  0 1725  0    0
 11  264  8  265  4  183  7 1219  9 1219  0  184 14    1  4  183
 14 8191  1 3769  5  207  3  208  1 3757  5  183  3  184 11 3380
  8 3381  5  186  4  184  5  187 11  623  8  624  5  186  4  184
  5  187 11 3361  8 3362  2 1758  9 1333  2 3769  9 6533  2 7447
  5 7266  3 4551  1 6317  4 4681  2 2340  6 3276 12 6553 10 5461
  5 2730  0    0 31 8191 11  623  8  624  0  219 14    1  4  218
  3  187  5  186 14    1  5  218  3  219 11  623  8  624  1  218
  5  183  4  184  1  219  9 1216  5  184  4  185  5 1228  4 3758
  5  185 11  460  8  461  4  183  5  218  4  184  5  219  4  185
  5  220  4 1228 11  460  8 1582  4 1214  5  186  4 1215  5  187
 11  623  8  624 11  460  8  461  4  218  5  186  4  219  5  187
  4  220  5  188 11  533  8  536  0 1119 24    1 11  740  2 8159
  6 3754 10  183  8 1180  4 3775 11  165  8 1408  4 3758  0  180
 21    0 21    1 21    2  8 1212  0    0  0    0 11  264  8  265
  4  185  9 1248  1 3776  9 1260  4  183  9 1242  4 3777 11  274
  8  275  8 1306  4 3758  5  183  5  184  5  185  8 1306  4 3778
  1 3779  9 1247  1 3780  5 1255  0  184 14    1  4  183  0    0
  5  183  3  184  4 3758  5  185  4  185  1 3781  5 1278  1 3782
  6 3767  5 1272  4 1311  5  187  4 1310  5  186 11  623  8  624
  0    0  5  185 10  185  0  184 14    1  4  183  0    0  6 3754
  1 3783 14    1  5  186  3  187 11 3361  8 3362  0    0  0 1453
  0    0  3 4787  0    3 13 6459  0   55 11 3415  0  643  0 3708
  0 5566  2 4901  3 7545  1 4763 11 2569 14 3280  0    0 31 8191
 11  460  8  461 11  307  8  308  0 1229 24    1 11 4436  7 3237
  0    0  0    0 31 8191  0    0  0  183  0 2989  0    0  0    4
  3 1600  0    0  0    0  0    0  0   16  0    4  0    0  0 2284
  0 2497  0 2471  0 2479  0 2506  0 2314  0 2564  0 2535  0 2331
  0 2357  0 2361  0 1035  0 2574  0 2576  0 2371  0 2586  0 1821
  0 2567  0 1785  0 2299  0 2304  0 2323  0 2299  0 1456  0 2397
  0 2382  0 1844  0 1094  0 2553  0  317  0  533  0  335  0  594
  0  352  0  666  0  897  0  680  0  368  0  904  0  853  0  406
  0  711  0  415  0  720  0  424  0  731  0  433  0  740  0  442
  0  749  0  451  0  760  0  798  0  808  0  819  0  834  0  845
  0  994  0  972  0 1229  0 1119  0 1022  0 1929  0 1929  0 1929
  0 1929  0 1929  0 1929  0 1929  0 1929  0    0  0    0  0 1400
  3 4161 18 7346 23 7296 23 3008  0 2148 25    0 25 2420  0 6144
 14 8175  4  183  5  190  3  183  8 1416  0   20 24    0  9 1413
  4 3772  5  199  4 1399 11  167  8 3252  4 1625  5 1397  4 2458
  5 1625  4  170  5 1398  4 3771 11  170  8 2828  4   29  2  135
  5  183  4 3786 11  170  8 2828  0  137  4  137  2   30  7 1442
  4   29 18    1  5  183  4 3786 11  170  8 2828  4 1397  5 1625
  4 3759 11 3635  8 3636  4  190  5  183  4 1398  5  170  8 3738
 11  165  8 3738  8 1726  0    2  0    3  0    4  0    5  0    9
  0    1  0    7  0    6  0   15  0   14  0   16  0   18  0    8
  0   22  0   20  4 1461 11  165  8 1408  8 2550  4 3787  8 1475
  0    0  4  136  1 3774  5  203  5  180  1 3772  5  136  5  224
  0  224 20    0  5  183 20    1  5  184 20    2  5  185  0  203
 20    0  5  203  6 3783  7 1522 14    1  9 1478 20    1  9 1527
  4  184  1 3762  9 1536  6 3755  5  184  4  185  1 3762  9 1532
  1 3763  9 1517  4 1463 11  274  8  275  4  185  6 3788  1  184
  0  203 21    1  0  203  4  183 21    0  0 1480 24    1  4  185
  0  203 21    2  4  184  8 1521  4 3758  5  183  5  185  8 1508
  4 3758  5  184 10  183  4  183  6 3789 11  460  7 1544  8 1509
  4  183 14    1  0 1316  9 1607  8 1612  4  136  1 3790  5  180
  0  180 20    0  5  183 20    1  5  184 20    2  5  185  0  460
 24    1  4  185  1 3776  9 1567  7 1569  4 1460  8 1475 11  460
  8  491  4 3769  2  184  9 1579  4  183  9 1577  1 3759  9 1565
  8 1578  1 3759  5  183  4  183  0 1317 24    1  5  183  4 3758
  5  184  4 3760  5  185  8  461  0  180 20    1  7 1600  2 3758
  6 3754 21    1 26    0 20    0  2 3758 21    0  0  460 24    1
 20    0  2 3757  7 1612 20    0  2 3769  7 1607  8 1595 20    2
  1 3768 21    2  4 3757  8 1597 26    2  4 3769  8 1597  0    0
  0    0  0    0  0    0  0    0  0    0  0    0  0    0  0    1
  0    1  0 7803  0    4  0    2  0    8  3 4161 23 3008 24 3247
 19 7329 22 4192  0 1629  0 1636  3 4210 18 6959 16 6400 26 2160
 18 5249  0 4192  4 1634  8 1648  4  134  2 3759  7 7785  4 1635
  0 3771  3  199 11  167  8 3252  8 2550  4 3768  5  175  4  134
  2 3759  7 7774  8 1647  4  133  2 3765  7 1642  4   26  7 1665
  5   30  4   30  5  136  5  137  4   29  5  135  0  135 20    8
  2 3791  7 1676  4 3792  8 1475  4 3768  5 1312  4 3759  5 1616
  5 1617  4 3793  5  180  0  180  4 3758 21  241  4 3674 21  251
  4 3643 21  261 10  180  4  180  9 1683  4 3644  5  253  4 3675
  5  243  4 3771  5 1619  4 3794  5 1621  4 2459  5 1618  4 3758
  5 1615  4 3795  5  139  4  225  8 3743  0 1315  1 3796 16 1326
 25    0  1 3797  9 1719  4  136  1 3790  5  180  8 1724  4  136
  1 3774  5  180  1 3772  5  136 27    0 24    1  8 1730  8 1727
  8 1730  8 1727  0  135 20    0 10  135 14 8179  5  180 20    0
  6 3765  5 1315  0  180 24 1756  8  119  8 1875  8 1888  8 1872
  8 1890  8 2287  8 1987  8 1902  8 2047  8 3914  8 2061  8 2208
  8 1885  8 1878  8 1806  8 1709  8   37  8 1831  8 1867  8 1835
  8 1850  8 2205  8 2074  8 1892  8 1900  8 2029  8 1994  8 1991
  8 2277  8 2281  8 2026  8 2611  0    0  4 1315  6 3798  5  180
  2 1315  5 1319  2  139  7 1793  0  137  4  137  5 1318  2   30
  9   47  4 3799  8 1475 20    3  2 1319  7 1804 20    0 16    0
  8 1782  0  137 20    2  1 3790  1  180  1  180  1  180  5  181
  0  181 20    0  0 1772 24    1 16    0  8 1794  5  180  1  180
  1  180  2  137  0  136 21    0  1 3790  5  138  4  139 21    1
 10  136 10  136  0  135 27    0 24    1  0  137 20    3  5  139
 20    2  5  136 20    1  5  135 20    0  5  137  8 1726  1  133
  5  181  4 3759  8 1839  1  133  1 3757  5  181  4 3773  0  136
 21    1  8 3878  0  136 21    0  4  136  1 3772  5  136  2   27
  9 1927  8 1726  0 1315  1  133  5  181  0  181 20    1  5  182
 20    0  0  136 21    0  4  182  6 3763 21    1  4  182 14   11
 14 8181 21    2  8 1844  1  133  5  180  0  180 20    0  8 1842
  1  132  1 3783  8 1837  1  132  1 3769  8 1832 11 1772  8 1773
  4  181  1 3757  5  181  4 3800  8 1839 11 1772  8 1773  8 1833
  1  132  8 1868  1  132  8 1852  4 3772  2  136  5  136  0  136
 20    0  7 1899  8 1726  4 1315  5  135  8 1726  6 3798  5  180
  1  180  1  180  2  137  0  136 21    0  5  184  4  139 21    1
  4 1315  6 3801  5  139  8   64 10  136  4  137  2  184  9 1935
  4   28  2  136  9 1924 10  134  4   27  2  136  9 1726  4 1459
  8 1475  0    0  4 3802  2 1315  0  180 21    1  8 1726  0  135
 20    0 10  135  5  182 14 8179  9 1950  6 3798  5  183  0  184
 20    1  6 3754  2  183  8 3924  4 1464  8 1475  6 3798  1 3790
  9 1955  1 3803  9 2165  4  184  1 3772  5  184  8 1917  4   29
  2  182  6 3765  5  185  4  182  6 3765  2 3765  7 1955  4  183
  1 3790  9 1955  1 3803  9 1982  1 3790  9 1975  8 1955  0  184
 16    0 20    0  6 3798  2  185  7 1955  8 1948  0  184 16    0
 16    1 20    0  8 1979 11 1772  8 1773  5 1315  8   69 11 1772
  8 1773  8 1995  1  132  5  180  0  180  4  139 18    1  7 2022
  0  137 20    3  0  180 18    1  7 2014  8   78 20    0  5  137
  2   30  9 2000  4 3804  8 1475  4  137  8   83  0  137 20    2
  9 2012 20    0 18    4  7  104 20    4  8   89  0  180 20    0
  5  135  8 1726 11 1772  8 1773  8 2030  1  132  5  180  4 3772
  2  136  5  136  0  136 20    0  9 1474  7 1474  0  180 18    0
  9 1474  0  136  4 3759 18    0 17    0  1  180  8 1995 11 1772
  8 1773  0  181 20    1  0  136 21    1  0  181 20    0  5  181
 20    2  8 3879 20    0  5  181  8 2049 11 1772  8 1773  8 3883
 20    1  9 2058 20    0  5  181  9 1852  0  181 20    0  8 1842
  4 1472  8 1475 14 8187  6 3805  5  189  1  189  1  189  2  136
  5  189  5  185  5  184  0  135 20    0  6 3757  5  182  7 2089
  4 3759  1 3759  5  186 20    0  6 3765  1  133  5  190  4 1315
 14    1  6 3805  1  190  5  191  0  184  4  182  7 2104 20    0
 17    0  2 3758  5  187 20    0  5  192  0  184 18    3  9 2072
  1 3759 12  186  3  186  0  185  4  192 21    3  4  184  1 3771
  5  184  2  136  7 2135  4  186  0  185 21    4 10  185 10  185
  0  184 20    0 12  186 14   17  2  187  5  187  8 2107  4  186
  0  189 21    1  4  187 21    2  4 1315 14 8186  6 3756 21    0
  4  185  1 3806  1  182  5  185  4  185  0  190 21    0  1  186
  5  185  4  189 21    1 10  190 10  190  4  191  2  190  9 2148
 10  135  4  185  6 3754  5  136  8 1920  0  184 20    0  5  180
  4  136 21    0  0  180 20    1  0  136 21    1  5  181  0  180
 20    0  6 3757  1  136  1 3773  0  136 21    0  6 3754  5  182
  0  181 20    1  1  182  5  136  2   27  9 1927  0  180 20    0
  5  181  0  181 20    0  0  182 21    0 10  182 10  181  4  136
  2  182  9 2193  8 1955  4 1461  8 1475 11 1772  8 1773  8 2209
  1  132  5 1315  4 3772  2  136  5  180  0  180 20    0  9 2203
  7 2203  0 1315 18    0  9 2203  4 3759  2 1315  0  180 17    0
 17    0 21    0  8 1726  0    0  4 1315  2  136  5  185  1 3790
  5  186  0  186 20    0  5  180  0  180 20    1  5  181  5  187
 20    0  6 3757  0  185  7 2245 20    0 17    0  0  181 17    2
  5  183  4  185  1 3772  5  185  2  136  7 2263  0  185 20    0
  0  181 28    4 14   17 10  181 10  181  1  183  8 2248  4  186
  5  136  0  187 20    1  2  183  9 2271  4 1462  8 1475  4  183
  9 2269  0  180 17    0  0 2227 24    1 11 2227  8 2228  9 1837
  8 1832 11 2227  8 2228  8 2067  4  135  1 3759  5 1315  8   72
  4  137 21    0  4  135 21    1  4  136  5  137 10  136 10  136
  4 1315  5  135  8 2536 11 1480  8 1481  4  180  5  136  8 1726
 11 1480  8 1481  0  180 20    3 21    0 20    4 21    1 20    5
 21    2  8 1726 11 1480  8 1481  0  137  4  135 21    1 20    2
  6 3754  5  135  8 1726 11 1480  8 1481  4  135  0  137 21    1
  4 3758 21    7  8 1726  0  136  4  137 21    0  0  135 20    0
  1 3757  0  136 21    2  4  139 21    3  0  135 20    1  5  139
 20    2  0  136 21    4  4  136  5  137  1 3786  5  136  4  135
  1 3772  5  135  1 3759 21    1  8 1726  0  137 20    1  5  135
  8 1726  0  137 20    3  5  139 20    4  5  135  4  137  5  136
 20    0  5  137  8 1726  4 3772  2  136  5  180  0  180 20    0
  2 3757  7 1565 20    0  2 3758 21    0  8 1726  4 3771  2  136
  5  136  0  137 20    5  9 2443 20   11 16    5 18    0  7 2559
  0  137  6 3757 18    8  9 2559  8 2325  0  137 20    7 26    7
  7 1726 20    5  9 2424 20    8 16    5 17    0 21    0  8 1726
  0  180  0  137 20    6 16    5  9 1553 20    0  5  183 20    1
  6 3763  5  184 20    1 14   11 14 8181  5  185  0  460 24    1
  4  137  1 3786  5  180 11  291  8  292 11  460  8 2409  4 1316
  5  180 11  533  8  536  4  137  1 3786  5  203 11 1480  8 1495
  8 1726 11 1480  8 1495  4  137  1 3807  5  180 11  291  8  292
 11  460  8 2409  4 1316  5  180 11  594  8  597  4  183  8 2391
  3 6144  3 4192  0 2456  0 2457  0    0  3 4170 16    0  0 2461
  4 1625  5 2460  4 2463  5 1625  4 1617  5  199  8 1549 11  460
  8 2464  4 3771 11  170  8 2828  4 2460  5 1625  8 1726 11  460
  8 2464  4 3807  5  201  4 3759  5  202 11  170  8 2811  8 2476
  3 4170  1 3378 26 6466  0   32  3 4170  1 2465 22 3301  1   32
  0 2492 11  460  8 2468  4  183  7 2502  4 3808  1 2496 11  167
  8 3252  8 1726 11  460  8 2468  4 2463 11  167  8 3252  4  136
  1 3790  5  136  4  183  8 2503  5  136  4 1624  5  199  0  136
 20    0  8 2503  8 2528  0 8002 24  304  4 7562  8 3920 15 6144
  0  460 24    1  3 4161 19 2670 20 7400  0 4192  0 2530  8 2539
  2 3765  7 1642  8 1726  4 3772  5  199  4 2534 11  167  8 3252
 11  460  8 2522  8 2550 15 6144  1 3785  9 2547 11  165  8 3738
  8 2550  4 3772  2  136  5  136  0  136 20    0  7 2325  0  137
 20    2  6 3754  5  135  8 1726 11 1480  8 1481  8 1726 11  460
  8 1549 11 1317  8 1561  0  180 21    0  8 1726  4 3772  8 2577
  4 3771  2  136  5  180  0  180 20    0 11  460  8 1582 11  307
  8  308  8 1726  4  136  1 3790  5  180 11  460  8 1588  8 1726
  0    0  0  170 24    1  8    0  3 1638  1 2293  0 4194  0 1677
  0  671  0  268  0  107  0   43  0   17  0    7  0    3  0    1
  0    0  0    0  0    0  2 3798  9 2623  4 3758  5 1314  4 3772
  2  136  5  180  0 1315 16 2641 11  170 24    0  8 1726  4 3794
  8 2614  4 3812  5  190  0  190 20 1622 21 1629 10  190  4  190
  9 2627  8 1726  4 2458  8 2639  5  136  0  180 20    0  0 1314
 21 1618  8 1726  0 3099  0 3099  0 2821  0 2808  0 2682  0 2713
  0 2735  0 2667  0 1785  0 1785  0 2636  0 2634  0 2702  0 2724
  0 2516  0 2682  0 2713  0 2735  0 2667  0 2625  0 1785  0 2636
  0 2634  0 2702  0 2724  5  136  0  180 20    0  0 1314 21 1621
  5  181  4 3758 21 1615  4  181  1 3768  9 2680  1 3813  9 1726
  4 3794  8 2670  1 3790  5  136  5  180  0  180 20    3  0 1314
  9 2680 21 1621  4 3768 21 1615  0  180 20    0  0 1314  9 2680
 21 1620 17 1621  7 2680  2 3798  9 2680  8 1726  5  136  0  180
 20    0  0 1314 21 1621  5  181  1 3803  9 2680  4 3759 21 1615
  8 2675  5  136  0  180 20    0  0 1314 21 1617  9 2722  7 2722
  1 3814  9 1726  4 3759  8 2716  5  136  0  180 20    0  0 1314
 21 1616  9 2733  7 2733  1 3814  9 1726  4 3759  8 2727  5  136
  0  180 20    0  0 1314 21 1619  1 3768  9 2744  1 3815  9 1726
  4 3771  8 2738  0  184 14    1  4  183 14 8188 13  181 14   18
  5  224 14    3 12  181 14    1  3 1320  5 1319  4 1320  2  184
  9 2762  8 2764 10 1319  6 3754  5 1320  4 1319  2  183  5 1319
  0 1320 14    1  4 1319 14   11 13  181  0 3758 14 8177  3  184
  1  224  5  183  0  460 24    1  4 3806  1  185  5  185  0  184
 14    1  4  183 14 8188  3  184  5  183  0  184 14    1  4  183
 14    1  3  184  5  183 14    2  3  224  1  183  5  183  4  224
  1  184  9 2805  5  184  0  460 24    1  6 3754 10  183  8 2802
  5  136  4 1624  5  199  4 1628  5  201  4 1627  5  200  4 1622
  5  202 11  460  8 1552  4 3806  8 2830  5  136  4 1624  5  199
  0  180 20    0  5  183  4 1626  5  200  4 3758  5 1315  4 2592
  5  182  4 3758  5 1314  4 1625 11  167  8 3252  4 1315  7 2971
  4 3758  5  189  4  183  9 2858  7 2893 14    1  9 2865  4 1465
 11  165  8 1408  4 3816 11 3635  8 3636 11 3635  8 3637 11 3635
  8 3637  8 2593 14    1  9 2847  0 1316 11  460  8 1589  4 3775
  5 1314  4  185  9 2916  4 3817  5  181  4  185  9 2920  7 2923
  4 3786  2  185  9 2884  1 3773  5  185 10  189 11  460  8 2746
 10  189 11  460  8  461  8 2869  4 3818  5  181  8 2878 10  189
  4 3819  5  183  4 3820  5  184  8 2947 10  189  4  184  7 2947
  8 2847  4 3821  2  183  9 2906  7 2902  8 2920  4 3822  2  184
  9 2906  8 2920  4  185  1 3806  5  185 11  460  8 2783 11  460
  8  461  4 3759  2  189  5  189  4  185  1 3772  9 2906  7 2897
  4  185 11  460  8  491  4  202  7 2928  9 2931  4  201  8 2933
  4  189  9 2932  8 2926  4  189  1  201  9 2947  5 1319  1 1319
  2 3758  5  224  0 1319 20 2595  0  224 30    0  3  224 11  460
  8 2797  4  183  9 2887  4  202  7 2982  9 2991  4 3759  2  201
  5  188  4 3759  5  187 11 1317  8 3029  4 3761  5  182  4 3823
  5 1314  4 3824 11 3635  8 3636  4  189  1 3768  5  183  4 3773
  5  200  4 3758  5 1315  5  184  5  201  4 3768  5  202  4 3760
  5  185 11  460  8  461  8 2840  4 3758  8 2984  4  189  9 2980
  5  187  2  201  9 3001  5  188 11 1317  8 3028  8 2593  4  189
  2  200  9 2998  4  200  5  187  4  201  8 2987  4  200  1  201
  5  201  4 1315  6 3765  7 3005  4 3759  1  201  1 3774  9 3014
  1 3759  5  201  4 3759  5  202  5 1315  8 2923  2 3774 11 3635
  5 1324  4 1324 10 1324  7 3022  4 3758  8 3636  4 3825 11 3635
  8 3636 11  460  8 2522  8 2593  4  189  5 1325  4  187  7 3048
  1  188  7 3092  4 1325  2  187  9 3065  7 3062  4  187  1 3768
  7 3045  4  182  5 1324  7 3080  8 3074  4 3761  5 1324  8 3074
  4  188  7 3087  4 3761  5  182  4 1314  9 3058 11 3635  8 3636
  4 3768  5 1314  4 3826 11 3635  8 3636  8 3034 11  460  8 2783
  8 3067 11  460  8 2789  4  183 14 8179  1 3761  5 1324  4  183
  6 3765  5  183  4 1314  9 3080 11 3635  8 3636  4 3768  5 1314
  4 1324 11 3635  8 3636  4  187  1 3768  5  187  8 3030  4 1315
  7 3092  4 3758 11 3635  8 3636  0 1317 24    1  4 1471 11  165
  8 1408 11 3666  8 3669  4 3758  5  181  5  182  5  183  5  184
  5  185  5  186  5  187  5  189  5  210  4 3757  5  188  8 3116
  4  212  5  182 11 3666  8 3669  0 1623 20  230  5  211  0  211
 20 3506  6 3769  7 3190 10  181 10  210  4  187  7 3141  0 3758
  4  189  1  189  5  189 14    2  1  189  1  211  1 3827  5  189
  2 3828  9 3139  8 3114  1  189  8 3135 10  188 11  460  8 2780
  4  185  2 3760  6 3765  1  515  5 3152  4  211  1 3827  0 3758
  0    0  3  224 11  460  8 2797 11  460  8  461  8 3114  4  186
 10  186  7 3164  4 1470  8 3095  5  188  8 3114  4 3759  5  212
  4  210  7 3112  8 3201  5  210  4  187  7 3175  8 3162 10  187
  4  181  7 3184  4  182  5 1314  4 3758  5  182 10  186  8 3114
  4 3769  5  183  4 3759  5  185 10  181  8 3178  4  211  1 3829
  7 3159  1 3776  7 3171  1 3830  7 3166  1 3773  7 3167  1 3806
  7 3094  4  181  7 3114  4  187  7 3212  4  182  7 3210  4  189
  2 3758  5  189  4 1314  5  182  4  188  9 3216  2  189  5  189
  4  189  7 3234  9 3226  1 3768  5  189 11  460  8 2780 11  460
  8  461  8 3216  4  183  7 3234 10  189  4 3818  5  181 11  460
  8 2746  8 3223  4  182  7 3239  0 1316 11  460  8 1589  4 1315
  2 3773  7 3244 11 1317  8 1561  4  180  5  136  5  203 11 1480
  8 1495  8 2593  0  167 24    1  5  192  4 3815  5  193  4 3768
  5  196  5  194  0  192 20    0  0  193 30    0  6 3756  5  195
  4  193  7 3282  1 3771  5  193  4  194  9 3285  7 3292  0  195
 20 3506  6 3769  7 3301  4  196 12 3816 14   17  1  195  1 3827
  5  196  8 3258  4 3815 10  192  8 3267  4  195  1 3812  7 3257
  4 3831  8 1475  4 3759  8 3257  4  195  1 3812  7 3290  1 3832
  7 3250  4  195 11 3635  8 3636  8 3258  4  196  9 3339  4  197
  1 3833  7 3331  4  196  1 3803  5  196  9 3336  4  204 11 3635
  8 3636  4  196  1 3768  8 3308  4 3757  8 3319  4 3737  8 3326
  4 3759  5  197  4 3735  8 3327  1 3792  1 3794  5  197  5  204
  4 3758  5  196  8 3258  4  196  1 3757  5  197  4 3768  5  196
  4  197 11 3635  8 3636  4  195  5  197  1 3834  7 3257  1 3803
  7 3328  1 3774  7 3318  1 3808  7 3320  1 3835  7 3325  1 3768
  7 3316  1 3768  7 3326  1 3803  7 3324  4 1466 11  165  8 1408
  8 3320  0    0  4 3758 11  623  5  184  0 3361 17    1  5  183
 20    2 10 3361  1  184 10 3361  9 3377  5  184 20    4 25    5
  8  624  6 3754 10  183  8 3373  0    0  4  183  5  203  4  184
  5  204  0 3758 14 8191  3  206  5  205  4 3758  5  220  5  219
  0 3758  4  203 13  207  5  222 12  207  3  210  5  209  4  210
  7 3408  2 3754  1 3759  5  210  4  209  2  203  1 3768  8 3410
  4  209  2  203  5  209  4  222 12  208 14 8191  3  223  2  205
  5  211  4  223  2  206  5  212  9 3423  4  211  8 3426  4  211
  1 3768  5  211  7 3432  9 3435 14    1 10  220  9 3439  8 3428
  4 3761  5  220  8 3439  0 3758 14    1 10  220  9 3436  4  209
  7 3447  1 3759  7 3447  1 3768 14 8191 10  219  8 3440  4  219
  1  220  2 3759  7 3499  4  219  2 3761  5  218  1 3836  5 3470
  4  219  2 3758  6 3765  1 3836  5 3464  0  212 14    1  4  211
 14    0  3  212  5  211  0  210 14    1  4  209 14    0  3  213
  1  211  5  214  4  213  1  212  5  215  9 3479  8 3480 10  214
  0  215 14    1  4  214 14 8191 13  207  5  216  4  218  2 3837
  5 3491  0 3758  4  216 14    0  3  219  3  184  1  222  5  183
  5  218  0 3380 24    1  4 3767  5 3464  4 3838  5 3470  4 3798
  5  218  8 3461 16   67 16  192  2  192  2   64  2  192  2   64
  2   64  2 2243  2 2240  2 2048  2 2625  2 2752  2 2112  2 2755
  2 4288  2 2624  8  192  8   64  8   64  8  192  8   69  8  192
  8  192  8   64  8   64  8  192  2 2240  2 2112  2 2496  2 2368
  2 2368  2 4288  2  128  4   66  4    2  4  131  4    4  4  133
  4  134  4    7  4    8  4  137  4  138  4   11  4  140  4   13
  4   14  4  143  4   16  4  145  4  146  4   19  4  148  4   21
  4   22  4  151  4  152  4   25  4   26  2 2203  2   28  2 2205
  2 2718  2   31 20  160 17 5153  4 2082 20 3235  4 4132 20 5285
 20 6310  4 7207  5   40 21 1193 21 2218  5 3115 21 4268  5 5165
  5 6190 21 7343  6   48 22 1201 22 2226  6 3123 22 4276  6 5173
  6 6198 22 7351 23  184  7 1081  7 2106 23 3259  7 4156 23 5309
 23 6334  7 7232 24   66  8 1185  8 2210 24 3107  8 4260 24 5157
 24 6182  8 7335  9  168 25 1065 25 2090  9 3243 25 4140  9 5293
  9 6318 25 7215 10  176 26 1073 26 2098 10 3251 26 4148 10 5301
 10 6326 26 7223 27   56 11 1209 11 2234 27 3136 11 4288 27 5184
 27 6208 11 7363  0 6148  0 3082  5  224  4 3635  5  230  4  224
  0  199 16  250 24    0  0 3647  0 3645  4 3839  8 3648  4 3840
  5 3634  4  224  9 3654  0  224 16 3570 14    8  0 3634 31    0
  4  224  1 3768  7 3661  0  230 24    1  4 3734 31    0  4 3758
 31    0  8 3659  0    0  4  460  8 3670  4 3666  5  229  0 1623
 16  240 24    0  0 3678  0 3676  4 3841  8 3679  4 3842  5 3634
  0 1623 20  230  9 3685  5  173  8 3689 11  165  8 3738  4 3759
  8 3683  4 3758  0 3634 31    0  5 1322  6 3788  5 1323  0 1323
  2 1322 18 3506  6 3843  7 3702  4 1467  8 3730 20 3506  6 3788
  1 3844  9 3717  5 1322  0 1322 24 3709  8 3729  8 3715  8 3724
  8 3689  8 3729  4 3845  5 1313  8 3718  6 3756  0 1623 21  230
  0  173 20 3506  0  229 24    1  4 3758 15 2048 15 6144  7 3689
  8 3724  4 1468 11  165  8 1408  4 3758  8 3717  0   10 16   10
 16  135 16   20  4  165  1 3759  5   20  8 1727  4   20  5   20
  4 1728  5 1726  4 1729  5 1727  0   20 24    0  4  136  1 3846
  9 8000  8 1643 15 8191 15 8064  0   63 16    0  0    0  0    1
  0   17  0   16  0   64 31 8064  0    9  0 8191 15    0 14 8191
 31 8191  8    0  0   19  0    6  0    3  0    2 31 8186  0   13
 31 8175  0   12 31 8156  0   36 14 8156 14    1  0 8175 24    0
 31 4096  0  256  0    5  0   21  0  127  7 8191 31 8189  0 4192
  0   25 31 8182  0    7  0  800 31 8162 31 8165  0   15  0   20
 16    2  0 8176  0   60 31 8190  0   24  0  126  0    4  0    8
 31 8188  2    0 31 3072 27 2560 31 8185 31 8184 31 8181 31 8180
  0   10 12 4096 10    0  1 4915  3 1648 12 6553  9 4915  0   11
  0   31  0   40  0   14 31 8176  0   28 31 8178  0   18  0   23
 31 8167 31 8158 31 8160 31 8187 14    0 15    1 14   15  0 6148
  0 6144  0 2052  0 2048  0  128 31 8128 16    1 31  212  4 7556
  1 3813  5   77  0   77 20    6  5   76 16    6 18    0  2 3946
  7 3859  4 3794  8 7574  4 7556  1 3789 21    0  4   76  1 3946
  0   77 21    6 20    0  6 3947  2 3948  7 3874  1 3948  7 3873
  8 7831  4 3949  1 3949 17    0 21    0  8 7831  4 3758  0  136
 21    2  4  181  8 1843  0  181 20    2  7 2064 20    1  1 3790
  9 3894  4  136  1 3772  5  136 20    0  8 1989 20    2  9 3906
  1 3757 21    2  4 3768  1  135  5  135  0  136  4 3758 21    2
  0  181  8 3889  6 3754 21    2  4  136  1 3790  5  136  5  181
  0  181  8 2064 11 1772  8 1773  0  181 20    2  7 2050  8 3901
  7 3922  8 7910  4 7550  8 7880  7 1959  2 3808  7 3928  8 1948
  4  183  1 3790  9 1959  8 1948  4 1315  2 3950  7 3940 20    0
  6 3947  2 3948  7 3940  4 3806  0  136  1 1315 21    1  4  137
 21    2  8 1844  8    1 31    0 12    0  1    0  0    9  0    0
  4 3954  8 8123  0 8015  0 1413  0 1659  0 3958 15 7168  8 3958
 30    1  0    0  4 4066  8 3969 30    1  0    0  4 3965  5 3961
  4 4067  5 3965  0  138 20    3  5  183 20    4  5  184 20    5
  5  185  2 4068  9 4059  4 4069  5  187  4 4070  5  186  0  146
 27    0 24    1  4  185  1 4071  9 3991  1 4072  9 3992  4 4066
  1 4073  6 4074  5 3998  0  184 14    1  4  183  0    0  1 3965
  3  184  3  187  5  183  5  186  0  146 27    0 24    1  5  186
  4  184  5  187  0  149 27    0 24    1 31 8191 15 8114  0    0
  0 5724 31 8189 10 5141  0   85  3 1479 31 6258  5 2681  2 7126
  9 1242 18  346  4 5105 11 2569 14 3280  0    0 31 8191  4  184
  5  187  4  183  5  186  0  146 27    0 24    1  0  184 14    1
  4  183 14    1  1 4067  3  184  5  183  4 4075  5  185  0  150
 27    0 24    1  4  183  0  138 21    0  4  184 21    1  4  185
 21    2  0 3961 24    1  4 4076 11  165  8  166  4 4066  5  185
  5  184  8 4051  0    0 24    0  0   19  0 3513 10 1523  0   35
 31 8119 15   37 14 8191  0    1  0   10 30    1  0    0  0  138
 20    3  5  183 20    4  5  184 20    5  5  185  2 4208  5 4206
  9 4090  8 4104  1 4209  5  185  4  183  5  207  5 4207  4  184
  5  208  4 4210  5  183  4 4211  5  184  0  147 27    0 24    1
  4  185  1 4212  9 4204  1 4213  6 4214  5 4113  0  184 14    1
  4  183  0    0  3  184  3  187  3  219  5  183  5  186  5  218
  0  146 27    0 24    1  5  186  4  184  5  187  0  149 27    0
 24    1  0   23 11 2707 31 8006  4 3252  0  683  5  467 31 6592
 13 5137  0 2752  7  819 31 4319  6 6378  0 4877  9 3365 31 2272
  5 3746  0 7275 12  955 30 7022  5  467  1 4915  2 5338 29 2730
 10 5581  7 8191 15 8191  0    0 31 8191  4  218  5  186  4  219
  5  187  0  146 27    0 24    1  4 4209  5  185  0  150 27    0
 24    1  4 4206  9 4179  0  138  4  183 21    0  4  184 21    1
  4  185 21    2  8 4202  4  183  5  186  4  184  5  187  4  185
  5  188  4 4207  9 4191  4 4215  5  183  4 4216  8 4194  4 4217
  5  183  4 4218  5  184  4 4209  5  185  4  138  5  180  0  142
 27    0 24    3  0 4078 24    1  4 4208  8 4107  0    0  0    0
  0    0  0    1  7 8191 15 8191  0   36 14 8156 14 8191 12 4639
 11 2697 19 3552  4 5495 30    1  0    0  0  138 20    4  5  184
 20    5  5  185 20    3  5  183  9 4304  7 4292  4  185  6 4331
  7 4239  0  184 14    1  4  183 14 8191  3  184  5  183  4  183
 14 8191  1 4332  5  207  4  183 13  207  6 4333  1  207 14 8191
  6 4334  5  207  4  183 13  207  6 4333  1  207 14 8191  6 4334
  5  207  4  183 13  207  6 4333  1  207 14 8191  6 4334  5  207
  4 4335  5  208  0  184 14    1  4  183 14 8191  3  184  5  183
  0  147 27    0 24    1  0  208 14    1  4  207 14 8191  3  208
  5  207  4  208  1  184  9 4301  5  184  4  207  1  183  5  183
 10  185  4  185 14 8191  5  185  0  138  4  183 21    0  4  184
 21    1  4  185 21    2  0 4220 24    1 10  207  6 4334  8 4284
  4 4336 11  165  8  166  0  138 20    3  5  183 20    5  5  185
 20    4  5  184  7 4323  2 4335  6 4334  5  184 10  183  4  183
  2 4335  5  183  8 4230  4  183  1 4337  7 4327  8 4319  4 4332
  5  183 10  185  8 4230  0    1  8    0 31 8190 15 8191  0    0
  0   11 16    0 30    2  0    0  0  138 16    3 20    1  0  138
 17    6 17    6  5  181  0  181 20    1  0  138 21    0  0 4339
 24    1 30    2  0    0  0  138 20    6  5  183 20    3  5  180
  0  180 20    1  5  181  1  183  1  183  5  184  1 4394  2  181
  9 4371  4 4395  8 4373  0  184 20    0  5  185  0  181 20    0
  6 4396  2  183  7 4391  9 4382  4 4397  8 4387  0  184 20    2
 14 8176 13  185 14 8191  0  138 21    0  0 4354 24    1  0  181
 20    1  8 4384 31 8189  0    2  0   31  0    0  0    0  0  138
 20    6  5  182 20    3  5  180  0  180 20    1  5  181  0  181
 20    0  1 4531  7 4416  4 4532 11  165  8  166  0 4398 24    1
  0  180 20    0  5  183  0  181 17    1  5  184 20    2  1  183
  5  185  0  182 17    0  5  192  4  183  2  192  9 4411  4  184
  2  192  0 4398 25    2  8 4411 30    2  0    0  0  169 20    2
  0  168 21    0 11 4398  8 4399  8 4460  4  192  0  154 11  167
 24    0  4  193  1 4533  9 4453 10  192  4  192  2  184  9 4411
  4  185  2  192  0  182 21    0  0 4437 24    1 30    2  0    0
  0  169 20    1 21    8 11 4398  8 4399  8 4529  4 4531  5  188
  4 4534  5  186  0  150 27    0  8  153  6 4535  7 4483  4 4536
 11  165  8  166  8 4529  4  173  1 4537  7 4487  8 4474  4  187
  0 4538 14    6  1  173  5  187 10  186  4  186  9 4506  4 4534
  5  186  0  192  4  187 21    0 10  192  4  192  2  184  9 4411
  0  182 26    0  4  173  1 4537  7 4515  1 4539  7 4517  0  150
 27    0  8  153  8 4487 10  188  8 4511  4  188  1 4531  9 4522
  5  188  8 4511  4  186  2 4534  7 4529  4  187  0 4538 14    6
  8 4491  0 4463 24    1 31 8191  0   23  0    6 31 8189  8    0
  0   17 31 8185  0    0 31 8167  4 4562  5    8  4 4563  5   10
  4 4564  5 4565  4 4566  5 4567  0 4565 20    0  0 4567 21    0
  0 4565  4 4568 21    0 10 4565 10 4567  4 4567  2 4569  7 4561
  8 4548  8 5120  8 3952  8   23  0 4570  0 4698  0 8000  0 8128
  0    0  0 8128  0    0  0    0  0    0  0    0  0    0  0    0
  0    0  0    0  0    0  0    0  0    0  0    0  0    0  0    0
  0    0  0    0  0    0  0    0  0    0  0    0  0    0  0    0
  0    0  0    0  0    0  0    0  0    0  0    0  0    0  0    0
  0    0  0    0  0    0  0    0  0    0  0    0  0    0  0    0
  0    0  0    0  0    0  0    0  0    0  0    0  0    0  0    0
  0    0  0    0  0    0  0    0  0    0  0    0  0    0  0    0
  0    0  0    0  0    0  0    0  0    0  0    0  0    0  0    0
  0    0  0    0  0    0  0    0  0    0  0    0  0    0  0    0
  0    0  0    0  0    0  0    0  0    0  0    0  0    0  0    0
  0    0  0    0  0    0  0    0  0    0  0    0  0    0  0    0
  0    0  0    0  0    0  0    0  0    0  0    0  0    0  0    0
  0    0  0    0  0    0  0    0  0    0  0    0  0    0  0    0
  0    0  0    0  0    0  0    0  0    0  0    0  0    0  0    0
  0    0  0    0  0    0  0    0  0    0  0    0  0    0  0    0
  0    0  0    0  0    0  0    0  0    0  0    0  0    0  0    0
  0    0  0    0  0    0  0    0  0    0  0    0  0    0  0    0
  0    0  0    0  0    0  0    0  0    0  0    0  0    0  0    0
  0    0  0    0  0    0  0    0  0    0  0    0  0    0  0    0
  0    0  0    0  0    0  0    0  0    0  0    0  0    0  0    0
  0    0  0    0  0    0  0    0  0    0  0    0  0    0  0    0
  0    0  0    0  0    0  0    0  0    0  0    0  0    0  0    0
  0    0  0    0  0    0  0    0  0    0  0    0  0    0  0    0
  0    0  0    0  0    0  0    0  0    0  0    0  0    0  0    0
  0    0  0    0  0    0  0    0  0    0  0    0  0    0  0    0
  0    0  0    0  0    0  0    0  0    0  0    0  0    0  0    0
  0    0  0    0  0    0  0    0  0    0  0    0  0    0  0    0
  0    0  0    0  0    0  0    0  0    0  0    0  0    0  0    0
  0    0  0    0  0    0  0    0  0    0  0    0  0    0  0    0
  0    0  0    0  0    0  0    0  0    0  0    0  0    0  0    0
  0    0  0    0  0    0  0    0  0    0  0    0  0    0  0    0
  0    0  0    0  0    0  0    0  0    0  0    0  0    0  0    0
  0    0  0    0  0    0  0    0  0    0  0    0  0    0  0    0
  0    0  0    0  0    0  0    0  0    0  0    0  0    0  0    0
  0    0  0    0  0    0  0    0  0    0  0    0  0    0  0    0
  0    0  0    0  0    0  0    0  0    0  0    0  0    0  0    0
  0    0  0    0  0    0  0    0  0    0  0    0  0    0  0    0
  0    0  0    0  0    0  0    0  0    0  0    0  0    0  0    0
  0    0  0    0  0    0  0    0  0    0  0    0  0    0  0    0
  0    0  0    0  0    0  0    0  0    0  0    0  0    0  0    0
  0    0  0    0  0    0  0    0  0    0  0    0  0    0  0    0
  0    0  0    0  0    0  0    0  0    0  0    0  0    0  0    0
  0    0  0    0  0    0  0    0  0    0  0    0  0    0  0    0
  0    0  0    0  0    0  0    0  0    0  0    0  0    0  0    0
  0    0  0    0  0    0  0    0  0    0  0    0  0    0  0    0
  0    0  0    0  0    0  0    0  0    0  0    0  0    0  0    0
  0    0  0    0  0    0  0    0  0    0  0    0  0    0  0    0
  0    0  0    0  0    0  0    0  0    0  0    0  0    0  0    0
  0    0  0    0  0    0  0    0  0    0  0    0  0    0  0    0
  0    0  0    0  0    0  0    0  0    0  0    0  0    0  0    0
  0    0  0    0  0    0  0    0  0    0  0    0  0    0  0    0
  0    0  0    0  0    0  0    0  0    0  0    0  0    0  0    0
  0    0  0    0  0    0  0    0  0    0  0    0  0    0  0    0
  0    0  0    0  0    0  0    0  0    0  0    0  0    0  0    0
  0    0  0    0  0    0  0    0  0    0  0    0  0    0  0    0
  0    0  0    0  0    0  0    0  0    0  0    0  0    0  0    0
  0    0  0    0  0    0  0    0  0    0  0    0  0    0  0    0
  0    0  0    0  0    0  0    0  0    0  0    0  0    0  0    0
  0    0  0    0  0    0  0    0  0    0  0    0  0    0  0    0
  0    0  0    0  0    0  0    0  0    0  0    0  0    0  0    0
  0    0  0    0  0    0  0    0  0    0  0    0  0    0  0    0
  0    0  0    0  0    0  0    0  0    0  0    0  0    0  0    0
  0    0  0    0  0    0  0    0  0    0  0    0  0    0  0    0
  0    0  0    0  0    0  0    0  0    0  0    0  0    0  0    0
  0    0  0    0  0    0  0    0  0    0  0    0  0    0  0    0
  0    0  0    0  0    0  0    0  0    0  0    0  0    0  0    0
  0    0  0    0  0    0  0    0  0    0  0    0  0    0  0    0
  0    0  0    0  0    0  0    0  0    0  0    0  0    0  0    0
  0    0  0    0  0    0  0    0  0    0  0    0  0    0  0    0
  0    0  0    0  0    0  0    0  0    0  0    0  0    0  0    0
  0    0  0    0  0    0  0    0  0    0  0    0  0    0  0    0
  0    0  0    0  0    0  0    0  0    0  0    0  0    0  0    0
  0    0  0    0  0    0  0    0  0    0  0    0  0    0  0    0
  0    0  0    0  0    0  0    0  0    0  0    0  0    0  0    0
  0    0  0    0  0    0  0    0  0    0  0    0  0    0  0    0
  0    0  0    0  0    0  0    0  0    0  0    0  0    0  0    0
  0    0  0    0  0    0  0    0  0    0  0    0  0    0  0    0
  0    0  0    0  0    0  0    0  0    0  0    0  0    0  0    0
  0    0  0    0  0    0  0    0  0    0  0    0  0    0  0    0
  0    0  0    0  0    0  0    0  0    0  0    0  0    0  0    0
  0    0  0    0  0    0  0    0  0    0  0    0  0    0  0    0
  0    0  0    0  0    0  0    0  0    0  0    0  0    0  0    0
  0    0  0    0  0    0  0    0  0    0  0    0  0    0  0    0
  0    0  0    0  0    0  0    0  0    0  0    0  0    0  0    0
  0    0  0    0  0    0  0    0  0    0  0    0  0    0  0    0
  0    0  0    0  0    0  0    0  0    0  0    0  0    0  0    0
  0    0  0    0  0    0  0    0  0    0  0    0  0    0  0    0
  0    0  0    0  0    0  0    0  0    0  0    0  0    0  0    0
  0    0  0    0  0    0  0    0  0    0  0    0  0    0  0    0
  0    0  0    0  0    0  0    0  0    0  0    0  0    0  0    0
  0    0  0    0  0    0  0    0  0    0  0    0  0    0  0    0
  0    0  0    0  0    0  0    0  0    0  0    0  0    0  0    0
  0    0  0    0  0    0  0    0  0    0  0    0  0    0  0    0
  0    0  0    0  0    0  0    0  0    0  0    0  0    0  0    0
  0    0  0    0  0    0  0    0  0    0  0    0  0    0  0    0
  0    0  0    0  0    0  0    0  0    0  0    0  0    0  0    0
  0    0  0    0  0    0  0    0  0    0  0    0  0    0  0    0
  0    0  0    0  0    0  0    0  0    0  0    0  0    0  0    0
  0    0  0    0  0    0  0    0  0    0  0    0  0    0  0    0
  0    0  0    0  0    0  0    0  0    0  0    0  0    0  0    0
  0    0  0    0  0    0  0    0  0    0  0    0  0    0  0    0
  0    0  0    0  0    0  0    0  0    0  0    0  0    0  0    0
  0    0  0    0  0    0  0    0  0    0  0    0  0    0  0    0
  0    0  0    0  0    0  0    0  0    0  0    0  0    0  0    0
  0    0  0    0  0    0  0    0  0    0  0    0  0    0  0    0
  0    0  0    0  0    0  0    0  0    0  0    0  0    0  0    0
  0    0  0    0  0    0  0    0  0    0  0    0  0    0  0    0
  0    0  0    0  0    0  0    0  0    0  0    0  0    0  0    0
  0    0  0    0  0    0  0    0  0    0  0    0  0    0  0    0
  0    0  0    0  0    0  0    0  0    0  0    0  0    0  0    0
  0    0  0    0  0    0  0    0  0    0  0    0  0    0  0    0
  0    0  0    0  0    0  0    0  0    0  0    0  0    0  0    0
  0    0  0    0  0    0  0    0  0    0  0    0  0    0  0    0
  0    0  0    0  0    0  0    0  0    0  0    0  0    0  0    0
  0    0  0    0  0    0  0    0  0    0  0    0  0    0  0    0
  0    0  0    0  0    0  0    0  0    0  0    0  0    0  0    0
  0    0  0    0  0    0  0    0  0    0  0    0  0    0  0    0
  0    0  0    0  0    0  0    0  0    0  0    0  0    0  0    0
  0    0  0    0  0    0  0    0  0    0  0    0  0    0  0    0
  0    0  0    0  0    0  0    0  0    0  0    0  0    0  0    0
  0    0  0    0  0    0  0    0  0    0  0    0  0    0  0    0
  0    0  0    0  0    0  0    0  0    0  0    0  0    0  0    0
  0    0  0    0  0    0  0    0  0    0  0    0  0    0  0    0
  0    0  0    0  0    0  0    0  0    0  0    0  0    0  0    0
  0    0  0    0  0    0  0    0  0    0  0    0  0    0  0    0
  0    0  0    0  0    0  0    0  0    0  0    0  0    0  0    0
  0    0  0    0  0    0  0    0  0    0  0    0  0    0  0    0
  0    0  0    0  0    0  0    0  0    0  0    0  0    0  0    0
  0    0  0    0  0    0  0    0  0    0  0    0  0    0  0    0
  0    0  0    0  0    0  0    0  0    0  0    0  0    0  0    0
  0    0  0    0  0    0  0    0  0    0  0    0  0    0  0    0
  0    0  0    0  0    0  0    0  0    0  0    0  0    0  0    0
  0    0  0    0  0    0  0    0  0    0  0    0  0    0  0    0
  0    0  0    0  0    0  0    0  0    0  0    0  0    0  0    0
  0    0  0    0  0    0  0    0  0    0  0    0  0    0  0    0
  0    0  0    0  0    0  0    0  0    0  0    0  0    0  0    0
  0    0  0    0  0    0  0    0  0    0  0    0  0    0  0    0
  0    0  0    0  0    0  0    0  0    0  0    0  0    0  0    0
  0    0  0    0  0    0  0    0  0    0  0    0  0    0  0    0
  0    0  0    0  0    0  0    0  0    0  0    0  0    0  0    0
  0    0  0    0  0    0  0    0  0    0  0    0  0    0  0    0
  0    0  0    0  0    0  0    0  0    0  0    0  0    0  0    0
  0    0  0    0  0    0  0    0  0    0  0    0  0    0  0    0
  0    0  0    0  0    0  0    0  0    0  0    0  0    0  0    0
  0    0  0    0  0    0  0    0  0    0  0    0  0    0  0    0
  0    0  0    0  0    0  0    0  0    0  0    0  0    0  0    0
  0    0  0    0  0    0  0    0  0    0  0    0  0    0  0    0
  0    0  0    0  0    0  0    0  0    0  0    0  0    0  0    0
  0    0  0    0  0    0  0    0  0    0  0    0  0    0  0    0
  0    0  0    0  0    0  0    0  0    0  0    0  0    0  0    0
  0    0  0    0  0    0  0    0  0    0  0    0  0    0  0    0
  0    0  0    0  0    0  0    0  0    0  0    0  0    0  0    0
  0    0  0    0  0    0  0    0  0    0  0    0  0    0  0    0
  0    0  0    0  0    0  0    0  0    0  0    0  0    0  0    0
  0    0  0    0  0    0  0    0  0    0  0    0  0    0  0    0
  0    0  0    0  0    0  0    0  0    0  0    0  0    0  0    0
  0    0  0    0  0    0  0    0  0    0  0    0  0    0  0    0
  0    0  0    0  0    0  0    0  0    0  0    0  0    0  0    0
  0    0  0    0  0    0  0    0  0    0  0    0  0    0  0    0
  0    0  0    0  0    0  0    0  0    0  0    0  0    0  0    0
  0    0  0    0  0    0  0    0  0    0  0    0  0    0  0    0
  0    0  0    0  0    0  0    0  0    0  0    0  0    0  0    0
  0    0  0    0  0    0  0    0  0    0  0    0  0    0  0    0
  0    0  0    0  0    0  0    0  0    0  0    0  0    0  0    0
  0    0  0    0  0    0  0    0  0    0  0    0  0    0  0    0
  0    0  0    0  0    0  0    0  0    0  0    0  0    0  0    0
  0    0  0    0  0    0  0    0  0    0  0    0  0    0  0    0
  0    0  0    0  0    0  0    0  0    0  0    0  0    0  0    0
  0    0  0    0  0    0  0    0  0    0  0    0  0    0  0    0
  0    0  0    0  0    0  0    0  0    0  0    0  0    0  0    0
  0    0  0    0  0    0  0    0  0    0  0    0  0    0  0    0
  0    0  0    0  0    0  0    0  0    0  0    0  0    0  0    0
  0    0  0    0  0    0  0    0  0    0  0    0  0    0  0    0
  0    0  0    0  0    0  0    0  0    0  0    0  0    0  0    0
  0    0  0    0  0    0  0    0  0    0  0    0  0    0  0    0
  0    0  0    0  0    0  0    0  0    0  0    0  0    0  0    0
  0    0  0    0  0    0  0    0  0    0  0    0  0    0  0    0
  0    0  0    0  0    0  0    0  0    0  0    0  0    0  0    0
  0    0  0    0  0    0  0    0  0    0  0    0  0    0  0    0
  0    0  0    0  0    0  0    0  0    0  0    0  0    0  0    0
  0    0  0    0  0    0  0    0  0    0  0    0  0    0  0    0
  0    0  0    0  0    0  0    0  0    0  0    0  0    0  0    0
  0    0  0    0  0    0  0    0  0    0  0    0  0    0  0    0
  0    0  0    0  0    0  0    0  0    0  0    0  0    0  0    0
  0    0  0    0  0    0  0    0  0    0  0    0  0    0  0    0
  0    0  0    0  0    0  0    0  0    0  0    0  0    0  0    0
  0    0  0    0  0    0  0    0  0    0  0    0  0    0  0    0
  0    0  0    0  0    0  0    0  0    0  0    0  0    0  0    0
  0    0  0    0  0    0  0    0  0    0  0    0  0    0  0    0
  0    0  0    0  0    0  0    0  0    0  0    0  0    0  0    0
  0    0  0    0  0    0  0    0  0    0  0    0  0    0  0    0
  0    0  0    0  0    0  0    0  0    0  0    0  0    0  0    0
  0    0  0    0  0    0  0    0  0    0  0    0  0    0  0    0
  0    0  0    0  0    0  0    0  0    0  0    0  0    0  0    0
  0    0  0    0  0    0  0    0  0    0  0    0  0    0  0    0
  0    0  0    0  0    0  0    0  0    0  0    0  0    0  0    0
  0    0  0    0  0    0  0    0  0    0  0    0  0    0  0    0
  0    0  0    0  0    0  0    0  0    0  0    0  0    0  0    0
  0    0  0    0  0    0  0    0  0    0  0    0  0    0  0    0
  0    0  0    0  0    0  0    0  0    0  0    0  0    0  0    0
  0    0  0    0  0    0  0    0  0    0  0    0  0    0  0    0
  0    0  0    0  0    0  0    0  0    0  0    0  0    0  0    0
  0    0  0    0  0    0  0    0  0    0  0    0  0    0  0    0
  0    0  0    0  0    0  0    0  0    0  0    0  0    0  0    0
  0    0  0    0  0    0  0    0  0    0  0    0  0    0  0    0
  0    0  0    0  0    0  0    0  0    0  0    0  0    0  0    0
  0    0  0    0  0    0  0    0  0    0  0    0  0    0  0    0
  0    0  0    0  0    0  0    0  0    0  0    0  0    0  0    0
  0    0  0    0  0    0  0    0  0    0  0    0  0    0  0    0
  0    0  0    0  0    0  0    0  0    0  0    0  0    0  0    0
  0    0  0    0  0    0  0    0  0    0  0    0  0    0  0    0
  0    0  0    0  0    0  0    0  0    0  0    0  0    0  0    0
  0    0  0    0  0    0  0    0  0    0  0    0  0    0  0    0
  0    0  0    0  0    0  0    0  0    0  0    0  0    0  0    0
  0    0  0    0  0    0  0    0  0    0  0    0  0    0  0    0
  0    0  0    0  0    0  0    0  0    0  0    0  0    0  0    0
  0    0  0    0  0    0  0    0  0    0  0    0  0    0  0    0
  0    0  0    0  0    0  0    0  0    0  0    0  0    0  0    0
  0    0  0    0  0    0  0    0  0    0  0    0  0    0  0    0
  0    0  0    0  0    0  0    0  0    0  0    0  0    0  0    0
  0    0  0    0  0    0  0    0  0    0  0    0  0    0  0    0
  0    0  0    0  0    0  0    0  0    0  0    0  0    0  0    0
  0    0  0    0  0    0  0    0  0    0  0    0  0    0  0    0
  0    0  0    0  0    0  0    0  0    0  0    0  0    0  0    0
  0    0  0    0  0    0  0    0  0    0  0    0  0    0  0    0
  0    0  0    0  0    0  0    0  0    0  0    0  0    0  0    0
  0    0  0    0  0    0  0    0  0    0  0    0  0    0  0    0
  0    0  0    0  0    0  0    0  0    0  0    0  0    0  0    0
  0    0  0    0  0    0  0    0  0    0  0    0  0    0  0    0
  0    0  0    0  0    0  0    0  0    0  0    0  0    0  0    0
  0    0  0    0  0    0  0    0  0    0  0    0  0    0  0    0
  0    0  0    0  0    0  0    0  0    0  0    0  0    0  0    0
  0    0  0    0  0    0  0    0  0    0  0    0  0    0  0    0
  0    0  0    0  0    0  0    0  0    0  0    0  0    0  0    0
  0    0  0    0  0    0  0    0  0    0  0    0  0    0  0    0
  0    0  0    0  0    0  0    0  0    0  0    0  0    0  0    0
  0    0  0    0  0    0  0    0  0    0  0    0  0    0  0    0
  0    0  0    0  0    0  0    0  0    0  0    0  0    0  0    0
  0    0  0    0  0    0  0    0  0    0  0    0  0    0  0    0
  0    0  0    0  0    0  0    0  0    0  0    0  0    0  0    0
  0    0  0    0  0    0  0    0  0    0  0    0  0    0  0    0
  0    0  0    0  0    0  0    0  0    0  0    0  0    0  0    0
  0    0  0    0  0    0  0    0  0    0  0    0  0    0  0    0
  0    0  0    0  0    0  0    0  0    0  0    0  0    0  0    0
  0    0  0    0  0    0  0    0  0    0  0    0  0    0  0    0
  0    0  0    0  0    0  0    0  0    0  0    0  0    0  0    0
  0    0  0    0  0    0  0    0  0    0  0    0  0    0  0    0
  0    0  0    0  0    0  0    0  0    0  0    0  0    0  0    0
  0    0  0    0  0    0  0    0  0    0  0    0  0    0  0    0
  0    0  0    0  0    0  0    0  0    0  0    0  0    0  0    0
  0    0  0    0  0    0  0    0  0    0  0    0  0    0  0    0
  0    0  0    0  0    0  0    0  0    0  0    0  0    0  0    0
  0    0  0    0  0    0  0    0  0    0  0    0  0    0  0    0
  0    0  0    0  0    0  0    0  0    0  0    0  0    0  0    0
  0    0  0    0  0    0  0    0  0    0  0    0  0    0  0    0
  0    0  0    0  0    0  0    0  0    0  0    0  0    0  0    0
  0    0  0    0  0    0  0    0  0    0  0    0  0    0  0    0
  0    0  0    0  0    0  0    0  0    0  0    0  0    0  0    0
  0    0  0    0  0    0  0    0  0    0  0    0  0    0  0    0
  0    0  0    0  0    0  0    0  0    0  0    0  0    0  0    0
  0    0  0    0  0    0  0    0  0    0  0    0  0    0  0    0
  0    0  0    0  0    0  0    0  0    0  0    0  0    0  0    0
  0    0  0    0  0    0  0    0  0    0  0    0  0    0  0    0
  0    0  0    0  0    0  0    0  0    0  0    0  0    0  0    0
  0    0  0    0  0    0  0    0  0    0  0    0  0    0  0    0
  0    0  0    0  0    0  0    0  0    0  0    0  0    0  0    0
  0    0  0    0  0    0  0    0  0    0  0    0  0    0  0    0
  0    0  0    0  0    0  0    0  0    0  0    0  0    0  0    0
  0    0  0    0  0    0  0    0  0    0  0    0  0    0  0    0
  0    0  0    0  0    0  0    0  0    0  0    0  0    0  0    0
  0    0  0    0  0    0  0    0  0    0  0    0  0    0  0    0
  0    0  0    0  0    0  0    0  0    0  0    0  0    0  0    0
  0    0  0    0  0    0  0    0  0    0  0    0  0    0  0    0
  0    0  0    0  0    0  0    0  0    0  0    0  0    0  0    0
  0    0  0    0  0    0  0    0  0    0  0    0  0    0  0    0
  0    0  0    0  0    0  0    0  0    0  0    0  0    0  0    0
  0    0  0    0  0    0  0    0  0    0  0    0  0    0  0    0
  0    0  0    0  0    0  0    0  0    0  0    0  0    0  0    0
  0    0  0    0  0    0  0    0  0    0  0    0  0    0  0    0
  0    0  0    0  0    0  0    0  0    0  0    0  0    0  0    0
  0    0  0    0  0    0  0    0  0    0  0    0  0    0  0    0
  0    0  0    0  0    0  0    0  0    0  0    0  0    0  0    0
  0    0  0    0  0    0  0    0  0    0  0    0  0    0  0    0
  0    0  0    0  0    0  0    0  0    0  0    0  0    0  0    0
  0    0  0    0  0    0  0    0  0    0  0    0  0    0  0    0
  0    0  0    0  0    0  0    0  0    0  0    0  0    0  0    0
  0    0  0    0  0    0  0    0  0    0  0    0  0    0  0    0
  0    0  0    0  0    0  0    0  0    0  0    0  0    0  0    0
  0    0  0    0  0    0  0    0  0    0  0    0  0    0  0    0
  0    0  0    0  0    0  0    0  0    0  0    0  0    0  0    0
  0    0  0    0  0    0  0    0  0    0  0    0  0    0  0    0
  0    0  0    0  0    0  0    0  0    0  0    0  0    0  0    0
  0    0  0    0  0    0  0    0  0    0  0    0  0    0  0    0
  0    0  0    0  0    0  0    0  0    0  0    0  0    0  0    0
  0    0  0    0  0    0  0    0  0    0  0    0  0    0  0    0
  0    0  0    0  0    0  0    0  0    0  0    0  0    0  0    0
  0    0  0    0  0    0  0    0  0    0  0    0  0    0  0    0
  0    0  0    0  0    0  0    0  0    0  0    0  0    0  0    0
  0    0  0    0  0    0  0    0  0    0  0    0  0    0  0    0
  0    0  0    0  0    0  0    0  0    0  0    0  0    0  0    0
  0    0  0    0  0    0  0    0  0    0  0    0  0    0  0    0
  0    0  0    0  0    0  0    0  0    0  0    0  0    0  0    0
  0    0  0    0  0    0  0    0  0    0  0    0  0    0  0    0
  0    0  0    0  0    0  0    0  0    0  0    0  0    0  0    0
  0    0  0    0  0    0  0    0  0    0  0    0  0    0  0    0
  0    0  0    0  0    0  0    0  0    0  0    0  0    0  0    0
  0    0  0    0  0    0  0    0  0    0  0    0  0    0  0    0
  0    0  0    0  0    0  0    0  0    0  0    0  0    0  0    0
  0    0  0    0  0    0  0    0  0    0  0    0  0    0  0    0
  0    0  0    0  0    0  0    0  0    0  0    0  0    0  0    0
  0    0  0    0  0    0  0    0  0    0  0    0  0    0  0    0
  0    0  0    0  0    0  0    0  0    0  0    0  0    0  0    0
  0    0  0    0  0    0  0    0  0    0  0    0  0    0  0    0
  0    0  0    0  0    0  0    0  0    0  0    0  0    0  0    0
  0    0  0    0  0    0  0    0  0    0  0    0  0    0  0    0
  0    0  0    0  0    0  0    0  0    0  0    0  0    0  0    0
  0    0  0    0  0    0  0    0  0    0  0    0  0    0  0    0
  0    0  0    0  0    0  0    0  0    0  0    0  0    0  0    0
  0    0  0    0  0    0  0    0  0    0  0    0  0    0  0    0
  0    0  0    0  0    0  0    0  0    0  0    0  0    0  0    0
  0    0  0    0  0    0  0    0  0    0  0    0  0    0  0    0
  0    0  0    0  0    0  0    0  0    0  0    0  0    0  0    0
  0    0  0    0  0    0  0    0  0    0  0    0  0    0  0    0
  0    0  0    0  0    0  0    0  0    0  0    0  0    0  0    0
  0    0  0    0  0    0  0    0  0    0  0    0  0    0  0    0
  0    0  0    0  0    0  0    0  0    0  0    0  0    0  0    0
  0    0  0    0  0    0  0    0  0    0  0    0  0    0  0    0
  0    0  0    0  0    0  0    0  0    0  0    0  0    0  0    0
  0    0  0    0  0    0  0    0  0    0  0    0  0    0  0    0
  0    0  0    0  0    0  0    0  0    0  0    0  0    0  0    0
  0    0  0    0  0    0  0    0  0    0  0    0  0    0  0    0
  0    0  0    0  0    0  0    0  0    0  0    0  0    0  0    0
  0    0  0    0  0    0  0    0  0    0  0    0  0    0  0    0
  0    0  0    0  0    0  0    0  0    0  0    0  0    0  0    0
  0    0  0    0  0    0  0    0  0    0  0    0  0    0  0    0
  0    0  0    0  0    0  0    0  0    0  0    0  0    0  0    0
  0    0  0    0  0    0  0    0  0    0  0    0  0    0  0    0
  0    0  0    0  0    0  0    0  0    0  0    0  0    0  0    0
  0    0  0    0  0    0  0    0  0    0  0    0  0    0  0    0
  0    0  0    0  0    0  0    0  0    0  0    0  0    0  0    0
  0    0  0    0  0    0  0    0  0    0  0    0  0    0  0    0
  0    0  0    0  0    0  0    0  0    0  0    0  0    0  0    0
  0    0  0    0  0    0  0    0  0    0  0    0  0    0  0    0
  0    0  0    0  0    0  0    0  0    0  0    0  0    0  0    0
  0    0  0    0  0    0  0    0  0    0  0    0  0    0  0    0
  0    0  0    0  0    0  0    0  0    0  0    0  0    0  0    0
  0    0  0    0  0    0  0    0  0    0  0    0  0    0  0    0
  0    0  0    0  0    0  0    0  0    0  0    0  0    0  0    0
  0    0  0    0  0    0  0    0  0    0  0    0  0    0  0    0
  0    0  0    0  0    0  0    0  0    0  0    0  0    0  0    0
  0    0  0    0  0    0  0    0  0    0  0    0  0    0  0    0
  0    0  0    0  0    0  0    0  0    0  0    0  0    0  0    0
  0    0  0    0  0    0  0    0  0    0  0    0  0    0  0    0
  0    0  0    0  0    0  0    0  0    0  0    0  0    0  0    0
  0    0  0    0  0    0  0    0  0    0  0    0  0    0  0    0
  0    0  0    0  0    0  0    0  0    0  0    0  0    0  0    0
  0    0  0    0  0    0  0    0  0    0  0    0  0    0  0    0
  0    0  0    0  0    0  0    0  0    0  0    0  0    0  0    0
  0    0  0    0  0    0  0    0  0    0  0    0  0    0  0    0
  0    0  0    0  0    0  0    0  0    0  0    0  0    0  0    0
  0    0  0    0  0    0  0    0  0    0  0    0  0    0  0    0
  0    0  0    0  0    0  0    0  0    0  0    0  0    0  0    0
  0    0  0    0  0    0  0    0  0    0  0    0  0    0  0    0
  0    0  0    0  0    0  0    0  0    0  0    0  0    0  0    0
  0    0  0    0  0    0  0    0  0    0  0    0  0    0  0    0
  0    0  0    0  0    0  0    0  0    0  0    0  0    0  0    0
  0    0  0    0  0    0  0    0  0    0  0    0  0    0  0    0
  0    0  0    0  0    0  0    0  0    0  0    0  0    0  0    0
  0 4462 20 7091 26 3241  0 4436 23 7540 25 7474  0 4398 24 6259
 26 3241  0 4353 25 2158 19 6464  0 4338 22 3063 17 3061  0 4219
 25 7282 26    0  0 4077 16 7331 26 2158  0 3964 25 6766  0    0
  0 3960 17 7155  0    0  0 3960 24 6260 25 2663 16  132 24 6243
 23 6444 16  133 24 6262 23 2337  0 7548  0 4540  0 7512  0    0
  0 7548  0 7545 31  644  0    0  0 4540  0 7558  3 4160 20 7091
 26 3241 16    0  0    0  0    3  0    0  0    0  0    0  0    0
  0    0  0 7871  4 7550  2 7556  9 7586  4 7984  0 7985 14   12
  1 7986  5 7585  4 7583  0  154 11  167 24    0  8 7582  0 7584
  3 4198  0    0  0 7569 24    1  0 7962  8 8064  5 7564  4 7555
 15 2048  5 7555  6 7988  1 7551  5 7551  4 7564  2 7987  7 7605
 10 7564  4 7564  9 7591  0 7588 24    1  4 7555 14 8188  6 7989
  5 7567  8 7600  0 7709  4 7550  5 7552  1 7554  7 7628  0 7552
 20    1  2 7559  7 7623  4 7552  1 7990  5 7552  8 7613 20    2
  2 7560  0 7610 23    1  8 7619  4 7550  1 7987  5 7550  5 7552
 11 7569  8 7570  0 7610 20    2  1 7556  0 7550 21    0  4 7559
 21    1  4 7560 21    2  0 7610 24    3  0 7969  0 7552 20    0
  6 7991  5 7667  4 7666 21    0  4 7667  2 7991  0 7645 23    1
  4 7667  5 7667  0 7667 20    0  6 7991  5 7667 18    0  1 7666
 21    0  8 7652  0 4539  0 8191  0    0  4 7552  1 7992  5 7564
  4 7553  5 7552  0 7552 20    1  2 7564  7 7686  4 7552  1 7987
  5 7552  2 7550  9 7674  7 7674  0 7668 24    1  4 7556  0 7552
 17    2  5 7666 11 7645  8 7646  8 7678  4 7562  5 7559  4 7555
  5 7560  4 7563  6 7993  7 7708  4 7557  0  154 11  167 24    0
  4 7556  0  171 11  170 24    5 11 7610  8 7611  8 7713  0    0
  8 7831  0 7552 20    0  9 7718  4 7990  8 7574  4 7556  5 7666
 11 7645  8 7646 11 7668  8 7669  8 7831  4 7555  5 7560 11 7588
  8 7589  4 7555  5 7568 11 7588  8 7589  4 7562  5 7559 11 7610
  8 7611  8 7765 16    0  4 7555  7 7753  4 7994  0 7552 21    0
  4 7555  5 7560  4 7552  1 7992  5 7559 11 7610  8 7611  8 7756
 16    0  4 7991  1 7568  8 7867  0 7552 20    0  5 7564  4 7556
  1 7995 21    0  4 7564  6 7991  8 7754  0 7552 20    0  9 7771
  1 7555  1 7568  8 7867  4 7555  7 7756  8 7745  8 7780  8 7819
  4 7996  2 7801  5 7550  8 7812  4  131  5   29  4 7996  2 7801
  8 7786  4  175  5 7550  4 7990  5 7563  4   29  5 7556  5 7564
  0 7564  4 3822 21    0 10 7564  4 7564  2 7550  7 7805  8 7792
  0 7542  0 7548  0 7803  3 6144  0    7  4 7997  5 7542  4 7998
  5 7545  4 7991  5  132  5  133  4 7556  5 7953  4 7801  1 7987
  5 7553  2 7987  5 7554  4 7556  5 7549  4 7985  5 7551  4 7990
  0  168 21    0  4 7802  0  169 21   10  4 7999 21   11  8 8068
 15 2048  7 7831  5 7562 14 8188  5 7804  2 7996  9 7875  7 7954
  4 7562  1 7551  5 7551  4 7562 15 2048  5 7562  6 7988  1 7551
  5 7551  4 7562 15 2048  5 7562  6 7988  1 7551  5 7551  4 7562
  0 7804 24 7858  8 7873  8 7867  8 7866  8 7961  8 7971  1 7556
  5 7556  8 7831  1 7549  0 7556 21    0 10 7556 11 7569  8 7570
  8 7831  4 7993  8 7574  4 7562 15 2048 15 2048  5 7562  8 3920
  5 7552  8 7892  0 7552 20    1  6 7992  2 7992  7 7889 20    0
  9 7895  4 7552  1 7990  5 7552  1 7554  7 7910  8 7882 20    1
  5 7907 20    2  5 7908  4 7904  0  154 11  167 24    0  8 7889
  0 7905  3 4198 26 4096 24 6262 23 2337 16    0  4 7562  7 7919
  2 7989  9 7917  4 7562  5 7563  8 7819  0 7562 24    0  4 7944
  0  154 11  167 24    0  4 7953  0  171 11  170 24    5  4 7950
  0  154 11  167 24    0  4 7556  5   30  0  171 11  170 24    5
  4  175  9 7939  8 7943  4 7556  5   29  4 7550  5  175  8 7943
  0 7945  3 4198 20 7347 26    0 23 2424 26   96  0 7951  3 4096
 16    0  0 3960  4 7562 15 2048 15 2048  2 7551  7 7819  4 7996
  8 7574 11 7588  8 7589  4 7555  1 7556  5 7666  4 7562  1 7549
 11 7645  8 7657  8 7831 11 7588  8 7589  4 7567  1 7987  9 7978
  4 7999  8 7574  0 7567 24 7980  8 7976  8 7693  8 7725  0 7983
  0    5  0    0 16 2048 31 8189  0  127  0    7  0    3  0 8191
 31    0  0    1 16 8191 16    0  0    6 16  132 16  133  0    4
  8 8000  0    0  1    0  0    6  0   20  0   28  0   18  0    9
  0 8128  1    0  1 8191 31 8189  8 3952  8 8088  0 8007  4 8001
  5 8130  4 8011  5 8133  4 8001  5 8131  8 1644  4 8004  8 8016
  4 8122  5 8130  4 8011  5 8133  4 8001  5 8131  8 1655  4 8005
  8 8025  4 8001  5 8133  8 7775  4 8001  5 8133  8 1653  4 8006
  0 8002 24  237  0 8002 24   11  4 8134  0 8002  9 8057 20 6093
  5 7562 20  211  5 7804  2 8003  9 2525  7 7819  4 7804  7 8068
  8 7855 20 6093  5 7555 20  211  5 7567  4 8001  5 8134  8 7603
  4 8133  9 8072  4 8011  8 7590  4 8133  9 8076  4 8001  8 7832
  4 8011  5 8134  0 8002 24 5415  4 8131  0 8002 25 5415  4 8011
  5 8131 21   10  4 8001  5 8134  4 8130 24  237  4 8013  8 8089
  4 8012  5    8  4 8001  5 8133  4 8014  5 8132  0 8132 20    0
  9 8112  5 8130 20    1  5 8131  0 8130 20    0  1 8133  5 8133
 10 8130  4 8130  2 8131  7 8109  8 8100 10 8132 10 8132  8 8094
  4    8  2 8013  7 8119  4 8129  2 8133  7    8  8 8118  4 8133
  5 8129  8 8121  0    8  5    6  4 3957  5    2  5    4  8 3958
  8 8181 21    2 10    1  8 8175  0 8179  8 8182 31 8147  4 8179
 15 2048  7 8136  5 8173  6 8178  7 8151  4 8173 15 2048 15 2048
  7 8160  5 8174  1 8176  5 8176  4 8179 15 2048  8 8138  0 8174
  4 8173 15 2048 15 2048 21    0  1 8175  5 8175 10 8174  8 8148
 15 2048 15 2048 15 2048  2 8175  7 8167 15 6144  8 8165 15 2048
 15 2048 15 2048  2 8176  7   10  8 8165  0  128  0 8136  7  966
  3 1747  8 8135  0  128  0    0 31 8189  0 8180  4 8189 15 2048
  9 8186  8 8183 15 2048 21 8180 10    1  4    1  9 8182  8 8177