
  0   35  0   41  0   34  0   40  0   44  0   39  0   51  0   48
  8  236  8 6800  8   17  4  188  5   10  8  236 31    0  4   10
  0   14 25 8044  4  211  8 5399  8  237  8    1 28   16 29   16
 28   16  4 5879  5 6090  4   10  9 5377  8 5372  8  237  8   31
  4  215  7 2092  8 2075 21    0  4  194  6 5947  7   40  8 2341
  0  178 20    2  6 5947  7   45  8  617 20    2  6 5911  7 2341
  4  188  5   35 11 1574  8 1616  4 5952  5   35  4 6100  7 2086
  8  701  4  194  2   61  7  681  8 2723  4   80  4 6098  7   87
  8 2086  4 6104  2 5953  7 8035  4 5991  5 6090  4 6100  7 2349
  8 2272  0  183 20    1 14 8188  4  185 14    4 21    1  4   21
  1  185  5   85 11 1506  8 1507  4 5120  0    0  8 5231  0 6101
 20   17  5  105 20  111  5  110  0  183 20    1 14 8188  5  109
  4 5930  2  212  5  212 11 1506  8 1507 18  585 31   20 31   17
 23   16  0    0 11 1506  8 1507  9 5240  0    0  0    0  0   15
  4 6101  2 5967  7 2092  8 2086 16    9 16    2 16    1  4 6098
  7  122  4 5911  1 5920  8 2312  0    0  0    0  0    0  0    0
  0    0  0 7723  0    0  0  512  0    0  0  256  0    0  0  128
  0    0  0   64  0    0  0   64  0    0  0   32  0    0  0   16
  0    0  0   15  0    0 16    0  0    0  8    0  0    0  4    0
  0    0  2    0  0    0  1    0  0    0  0 8176  0    0  0 8176
  0    0  0 8176  0    0  0   15  0    0  0 8191  0    0 24    0
  0    0  7 8176  0    0  7 8176  0    0  7 8176  0    0  0 8191
  0    0  0 8191  0    0  0 8191  0    0  0 7995  0    0  0    0
  0 6147  0    0  0    0  0    0  0    0  0    0  0    0  0    0
  0    0  0    0  0    0  0    0  0    0  0    0  0    0  0    0
  0    0  0    0  0    0  0    0  0    0  0    0  0    0  0    0
  0    0  0    0  0    0  0    0  0    0  0    0  0    0  0    0
  0    0  0    0  0    0  0    0  0    0  0    0  0    0  0    0
  0    0  0    0  0    0  0    0  0    0  0    0  0    0  0    0
  0    0  0    0  0    0  0 6091  4 5882  5  128  4  235  5 6090
  4 5882  0 6090 21    0 10 6090  4 6090  2  129  7  248  8  240
  4 5883 11 5369  8 5370  4 6091  0 6092 21  130 10 6092 10 6092
  4 5883  2 6092  9  251  4 6091  0 6093 21  185 10 6093  4 5883
  2 6093  9  259  4  184  5  183  4  133  5  132  4 5884  5 6238
  5  190  4 5885  5 6239  5  189  4 5886  5  196  4 5887  5  216
  4 5888  5  156  5  158  5  160  4  129  5  180  5 6091  4 5889
  5  230  0  183 21    0  0 6091 20    0  9  295  8  298 20    2
  6 5890 21    2  4 6091  1 5878  5 6091  2  181  7 5826  8  291
  4  180  5  129  8 8000 16   67 16  192  2  192  2   64  2  192
  2   64  2   64  2 2243  2 2240  2 2048  2 2625  2 2752  2 2112
  2 2755  2 4288  2 2624  8  192  8   64  8   64  8  192  8   69
  8  192  8  192  8   64  8   64  8  192  2 2240  2 2112  2 2496
  2 2368  2 2368  2 4288  2  128  4   64  4    2  4  131  4    4
  4  133  4  134  4    7  4    8  4  137  4  138  4   11  4  140
  4   13  4   14  4  143  4   16  4  145  4  146  4   19  4  148
  4   21  4   22  4  151  4  152  4   25  4   26  2 2203  2   28
  2 2205  2 2718  2   31 20  160 17 5153  4 2082 20 3235  4 4132
 20 5285 20 6310  4 7207  5   40 21 1193 21 2218  5 3115 21 4268
  5 5165  5 6190 21 7343  6   48 22 1201 22 2226  6 3123 22 4276
  6 5173  6 6198 22 7351 23  184  7 1081  7 2106 23 3259  7 4156
 23 5309 23 6334  7 7232 24   64  8 1185  8 2210 24 3107  8 4260
 24 5157 24 6182  8 7335  9  168 25 1065 25 2090  9 3243 25 4140
  9 5293  9 6318 25 7215 10  176 26 1073 26 2098 10 3251 26 4148
 10 5301 10 6326 26 7223 27   56 11 1209 11 2234 27 3136 11 4288
 27 5184 27 6208 11 7363  0    0  0  435 20    1  6 5891  5 6091
  0 6091 20    0  2  188  5 6092  4 5892  5 6093 10 6091  0 6091
 20    0  5 6094 14 8180  6 5893 11  464  8  465 10 6092  4 6092
  0  435 23    2 10 6093  4 6093  7  444  4 6094 14    6  8  449
  0    0  5 6090  2 5884  7  474  0 6090 16  371 14    8 15 6148
  0  464 24    1  4 5894 15 6148  4 5895 15 6148  4  188  8  471
  0    0  5 6091  4  188  5  525  4 5885  5 6092  4 5881  5 6093
  0 6092 20  521  5 6094  2 6091  5 6091  9  497 10 6093  4 6094
  8  491  1 6094  5 6091  4 5896  1 6092  5 6092  4 6093  2 5881
  7  507 10  525  8  509  4  525  7  510  4 6093 11  464  8  465
  4 6092  7  515  8  486  4 6091  1 5881 11  464  8  465  0  480
 24    1  0    1  0   10  0  100  0 1000  0    0  0    0  5  547
  4  128  6 5881  7  544  4  217  5  548  4  218  5  549 11  435
  8  436  0  546 11  435  8  436  0  551  4  185 11  480  8  481
  0  526 24    1  0   12  0    0  0    0  0    0  0    0  0    5
  0 2148 25    0  0    0  0    0  0    0  0    0 11  435  8  436
  0  854  4  199  1 5884 11  480  8  481  4 5884 11  464  8  465
 11  435  8  436  0 6105  4 5418  1 5897  5 6091  0  188 14    1
  1 6091  1 5417  2 5898  5 6091  4 6091  7  589  9  584  8  592
  4  188 11  464  8  465 10 6091  8  580  4 5899 11  464  8  465
  0  557 24    1 10  187 10  187 10  187 10  187 10  187 10  187
 10  187 10  187 10  187 10  187 10  187 10  187 10  187 10  187
 10  187 10  187 10  187 10  187 10  187 10  187 10  187 10  187
 10  187 10  187 10  187 10  187 10  187 10  187 10  187 10  187
 10  187 10  187 10  187 10  187 10  187 10  187 10  187 10  187
 10  187 10  187 10  187 10  187 10  187 10  187 10  187 10  187
 10  187 10  187 10  187 10  187 10  187 10  187 10  187 10  187
 10  187 10  187 10  187 10  187 10  187 10  187 10  187 10  187
 10  187 10  187 10  187 10  187 10  187 10  187 10  187 10  187
 10  187 10  187 10  187 10  187 10  187 10  187 10  187 10  187
 10  187 10  187 10  187 10  187 10  187 10  187 10  187 10  187
 10  187 10  187 10  187 10  187 10  187 10  187 10  187 10  187
 10  187 10  187 10  187 10  187 10  187 10  187 10  187 10  187
 10  187 10  187 10  187 10  187 10  187 10  187 10  187 10  187
 10  187 10  187  4  187  5  554  2 5877  7  711  8  718  4 5900
  5  170  4  188 11 3018  8 3019  4  188  5  170  4  188  5  187
  4 5901 11 5369  8 5370  4 5896  5  228 11  435  8  436  0  859
  4  554 11  480  8  481 11  557  8  558  4  128  6 5902  1 5877
  5  128  6 5884  7  741 11 5363  8 5364  4  222  9 8101  4  230
  2 5903  7  757  2 5904  7  757  2 5905  9  753  2  188  2 5906
  9  757 11 1666  8 1667  0    0  8  743  4  188  5  172  5  170
  5  130  5  214  5  134  5  146  5  148  5  227  5  215  4  133
  5  132  4 5907  5  209  4  207  2 5889  7 5234  2 5908  7  799
  1 5909  7  782  4 5878 11 1401  8 1402  8  769  4  221  7  800
  4 5885 11 1401  8 1402  4  215  7  790  8  796  4  207  2 5910
  9  796  2 5911  9  796  8  769  4  188  5  221  8 5234  4 5912
  1 5912  5  166 11 3249  8 3258  4  554  1 5913  7 3616  4  166
  9 3578  8 4326  0    0  5 6096  4  128 14   13  9  817  0  810
 24    1  4  555  9  820  8  827  4 5901 11 5369  8 5370 11  435
  8  436  0  850 10  555  0 6096 24  828  8  832  8  835  8  837
 11  557  8  558  8  815  0  164  8  838  0  180 20    0  5  848
 20    1  5  849 11  435  8  436  0  846  8  815  0    9  0    1
  0    0  0    0  0    9  0 4791 16 7342 20 7079  0   11  0 6953
 23 2368 23 3008  0    0  0   11  0 6514 25 3058  0 2991  0    0
  0    0 11 5422  8 5423  9 5423  4  201  2 5914  7  876  2 5915
  7  880  4  203  0  864 24    1  4  202  2 5916  7  893  8  873
  4  134  7  873  0  202 20  307  9  890  6 5917  2 5917  7  900
  4 5887  8  896 11 5422  8 5423  8  882 11 5422  8 5423  4 5918
  5  201  4 5919  5  203  8  873 11 5422  8 5423  9 5423  6 5917
  7  906  8 5423  4  201  2 5914  7  910  8  650 11 5422  8 5423
  9 5423  4  201  2 5879  7  917  8  650  4 5880  8  896  0    0
  1 6094  5 6093  0  188 14    6  5 6094 10 6091  4 6091  0  919
 25    1  4 6093 24    2  0    0  4 5884  5  215  4  188  5  218
  5 6094  4 5898  5 6092  4 5892  5 6091  4  201 11  919  8  920
  8  950  0 6092 21  219 10 6092  4 5892  5 6091 11  864  8  865
  6 5920  7  957  4 6092  7  950  8  941  4 6092  7  965  4  188
 11  919  8  920  8  959  0 6092 21  219  0  931 24    1  0    0
  4  188  5 6090 11  864  8  865  4  201  2 5921  7  989  0  202
 20  307 14    6  9  691  0  188  4 6090 14    5  1 6090 14    1
  1 6090  1  201  6 5922  5 6090  8  970  4  188  5 6091  0 6091
 20 1013  6 5922  2 6090  7 1001 20 1013  1 5884  7  691 10 6091
  8  991 20 1013  6 5923 14 8190  6 5924  5 6093  0  188  4 6091
  1 5925 14   10  5 6092  0  967 24    1  2  335  0 2785  1 1749
  0 5371  3 4389  0 2138  3 1329  3  425  0 2925  1 4943  1 4176
  3 4678  0 2146  2 4565  1 7368  3 5951  2 6789  0  564  0 1761
  0 8002  2 4427  4 2985  4 2650  4 3119 18 7918 18 2788 16 3199
 18 3799 17 4895  3 3009  2 7857  0 2459  0    0  1 1876  1 7642
  3 2873  8  565 31 8191  0    0  4 6093  7 1080  4 6094  5 6099
  4 6093  5 6098  0 6099 14    1  4 6098 14    1  5 6098  3 6099
  9 1071  4 6095  1 5896  5 6095  1 5926  7 1086  8 1058  0 6099
 14    1  4 6098 14 8191  3 6094  6 5927  5 6093  0 1051 24    1
  4 6094  7 1083  8 1054  4  188  5 6095  8 1078  4  188  5 6094
  5 6095  5 6093  8 1078  0    0  5 1142  7 1140  5 1143  9 1144
  2 5901  9 1189  4 1142  2  188  5 1142  4 1143  9 1109  0 6094
 14    1  4 6093 14 8190  3 6092  8 1114  0 6094 14    1  4 6093
 14 8191  3 6092  1 6093  5 6093  4 6092  1 6094  9 1120  8 1122
 10 6093  6 5927  5 6094  0 6094 14    1  4 6093 14 8191  3 6094
  6 5927  5 6093  4 1143  9 1155  4 6095  1 5878  5 6095 11 1051
  8 1052 10 1142  4 1142  9 1101  0 1091 24    1  0    0  0    0
  4 5895  2  188  5 6091  4 6093  5 6096  4 6094  5 6097  4  188
  5 6098  5 6099  8 1101  0 6099 14    1  4 6098 14 8188  3 6092
  1 6093  5 6098  4 6092  1 6094  9 1166  8 1168 10 6098  6 5927
  5 6099  4 6096  5 6093  4 6097  5 6094 10 6091  4 6091  9 1101
  4 6098  5 6093  4 6099  5 6094  4 5885  2 6095  5 6095 11 1051
  8 1052 10 1142  4 1142  9 1144  8 1140  4 5927  5  205  4 5928
  5  206  8 1229  4 6094  1 5926  9 1198  8 1199 10 6093  6 5929
  5 6094  4 6093  9 1216  4 6095  2 5893  9 1189  4 6095  1 5926
  9 1225  4 6095  6 5930  1 6094  5  206  4 6093  5  205  8 1229
 10 6095  0 6094 14    1  4 6093 14 8191  3 6094  6 5927  5 6093
  8 1203  4 5912  5  205  4 5926  5  206  0 1231 24    1  0    0
  4 5921  5  215  4  188  5  200  5 1258  5 6093  5 6094  5 6095
  5 1259  5 1260  5 1261  5 1262  4  203  6 5912  7 1263  4 1262
  7 1304  4 1260  1 5896  5 1260  4 1261  7 1255 10 1260 11  864
  8  865  8 1244  0    0  0    0  0    0  0    0  0    0  4  201
  2 5931  7 1342  4  200  2 5931  7  699  2 5884  7  699  1 5921
  7  699  4  201  2 5932  7 1349  4  200  2 5932  7 1370  4 1259
  7 1376  4 1258  7 1286  4 6094  2  188  5 6094  4 6094  2 1260
  5 1260  4  205  5 6093  4  206  5 6094  4 5933  5 6095 11 1051
  8 1052  4  188  5  204  4 1260  2  188 11 1091  8 1092  8 1194
  0 6094 14    1  4 6093 14    1  5 6091  3 6092 14    2  1 6091
  5 6091  3 6090  4 6090  1 6092  9 1319  5 6092  8 1322  6 5927
  5 6092 10 6091  4 6092  1  201  1 5934  9 1328  5 6092  8 1331
  6 5927  5 6092 10 6091  4 6091  2 5935  7 1379  9 1383  4 6091
  5 6093  4 6092  5 6094  4 1259  7 1252  8 1255  4 1259  1 1261
  7 1346  8  699  4 5884  5 1261  8 1255  4 1259  7 1352  8  699
  5 1262  4  200  7 1360  4 6093  5  205  4 6094  5  206  8 1364
  4 5884  5  206  4  188  5  205  4  188  5 6093  5 6094  4 5884
  5 1259  8 1255  4  201  2 5936  7 1386  2 5921  7 1255  8  699
  4 1261  7 1389  8 1293  4 6092  2 5937  9 1383  8 1335  4 5884
  5 1262  8 1249  4 5884  5 1258  8 1255  4 1262  7 1392  8  698
  4 6093  7 1395  8 1293  4 6094  9 1293  5  205  4 5884  5  204
  8 1229  0    0  5  220  4  188  5  215 11  864  8  865  4  201
  2 5921  7 1445  4  203  6 5919  7 1455  4  201  0  188 14   10
  5 6092  4  203 14    5  6 5924  5 6093  4  207  5  209  4  208
  5  210  4 6092  5  207  4 6093  5  208  4  209  2 5938  7 1435
  2 5939  7 1435  8 1438  4  215  7 1438  8  673  4  220  2 5921
  9 1467  4  220  2  215  7 1467  8  696 11  967  8  968  4 6092
  2 5940  7 1469  2 5941  7 1471  2 5942  7 1485  8 1421  4  220
  2 5878  7 1405  4  215  7 1461  8  695  4  203  6 5943  7 1503
 11 1231  8 1232  8 1407  0 1401 24    1  4  188  8 1472  4 5884
  5 6090  4  220  2 5878  7 1405  4  215  7 1479  8  694  4 6090
  5  205  4 5921  5  215  5  204  8 1405  4  220  2 5878  7 1421
  4  215  7 1491  8  693  4  207  2 5889  7 1497  2 5944  7 1497
  8  693 11  864  8  865  4  201  2 5945  7 1405  8 1497 11  931
  8  932  8 1407  0    0  0 1506 20    1  5 6094  4  188  0 6094
 14    3  1  185  5  185  4  188 14    3  5 6095  4  188 14    3
  3 6096  5  211 10 1506  0 1506 20    1 11 5391  8 5392  4  128
 14    2  6 5879  1  211  2 5885  7 1534  8 1540  5  211 11 5391
  8 5392  4 5885 11 5369  8 5370  4 5884  2 6095  5 6095  7 1549
  4  188  0 6096 14    4  3 6096  8 1521  0 1506 20    1  5  213
 24    2  0    0  1  158  1  191  8 1558  1  164  5 1562 11 1506
  8 1507  4 4608  0    0  0 1553 24    1  0    0  1  191  5 1571
 11 1506  8 1507  4 5120  0    0  0 1565 24    1  0    0  4  195
  7 1578  8 1645  4  193  7 1585  4 5946 11 1553  8 1554  0 1574
 24    1  0  178 20    2  5 6090  6 5947  7 1613  4 6090  6 5948
  5 6091  4 6090  6 5949  0  188 14    5  5 6090  1 6091  5 6091
  4 6090  2 5950  7 1605  4 6091  8 1610  4  148  1  146  7 1603
  4 6091  1 5951 11 1553  8 1556  8 1583  4 6090  6 5911  7 1645
 10  232  4 5878  5  211 10  185  0  178 20    0 11 5391  8 5392
  4 5921  5  211  0  178 20    1 11 5391  8 5392  4  188  5  211
  4   35 11 5391  8 5392  4  128  6 5921  7 1639  8 1583 11 5391
  8 5392  4 5953 11 5369  8 5370  8 1583  4 5952 11 1565  8 1566
  8 1583  0    0 11 1574  8 1575  4  192  7 1664  2 5954  7 1657
  8  607  5  192  0  178 20    3  6 5934 21    3 11 2801  8 2802
  0 1649 24    1  0    0  4 5892  8 1670  4  188  5 6090  0 1666
 20    1  5 6091  4 6090  7 1681  4 6091  6 5955  7 1680  4 5892
  1 6090  1  183  5 6090  4 5892  5 6094  4  188  0 6091 14    4
  3 6091  1 5898  9 1703  5 6092 10 1666  0 1666 20    1  5 6093
  0  183 20    0  0 6093 22    1 21    0  4 6092  8 1689 10  183
 10 6094  4 6094  9 1685  4 5953  2  183  5  183  4 6091  7 1713
  8 1683  4 6090  5  183  0  183 20    0  6 5956  5  230  4  184
  2  183  9 5567  0 1666 24    2  0    0  5 6097 11 1666  8 1669
  9  512  0  138  0  144  0  158  0  162  0  174  4  136  2  138
  5 6099  0 1724  4 6097  2  144 25    1  4  183  2  184 23    1
  4  144  2 5880  7 1817  2 5878  7 1833  4  230  2 5957  7 1781
  1 5941  7 1781  1 5958  7 1759  1 5941  7 1781  8 1836  4 6099
  7 1781  4  136  7 1775  4 5959  1  185  5 1771  4  174  5 1772
 11 1506  8 1507  9 5320  0    0  0    0 31   13  8 1787  4  137
  5  136 11 1506  8 1507  4 4608 31   13  4  174  5 1786 11 1506
  8 1507  0 5632  0    0  4  183  1 5892  5  183  8 1726 17 2768
 17 1624 17 6856 17 7792 11 4917 11 3894 11 1847 11 2872 11 5945
 12 1299 18  276 18 1039  1 3102  1 5152  1 2082  1 7396  7 6311
  3 5165 11   47  3 6193 10 7219  3 4137 10 6187 12 5132  0    0
  0 1791  4  220  7 1825  2 5885  7 1824  2 5921  7 1824  8  642
  4 5911  1 5920  1  162  1  162  1  162  5 1562 11 1553  8 1559
  8 1787  4 6097  2 5879  7  672  4 1816  5 6098  4  230  5 1815
  0 6098 18    0  6 5956  7 1846 10 6098  8 1838 20    0  1 6099
  2 5960  7 1901 20    0  6 5893  1 5961  5 1562  4 5926  5  138
 20    0 14    8  9 1904 14    1  9 1914 14    1  5 6100  4  136
  2 6099  7 1922  4 6099  7 1898  4 1562  2 5962  7 1898  4  136
 14 8186  1 5963  5 1878 11 1506  8 1507  4 4608  0    0  4 1562
  6 5893  2 5880  7  602 10 1562  4  138  5  136  4  230  2 5964
  9 1897  1 5961  9 1895  1 5965  9 1897  2 5919  9 1897  4  188
  5  136  8 1830  4  136  7 1830  8 1879  4 5966  5 1562  8 1884
 14    1  9 1830 14    1  6 5961  1  174  9 1912  1  158  8 1829
  1 5886  8 1829  4 6099  7 1935  4  136  7 1873  4  188  5  138
  4 5967  8 1873  4 6100  9 1925  8 1866 14    1  9 1884  4  213
  6 5961  2 5968  7 1932  8 1884  4 5884  2 1562  8 1829 10 1562
  8 1830  0    0  5  220  4  132  7 1963  4 5880 11 1724  8 1725
  4  230  2 5968  7 1959  2 5969  7 1959  4  134  7 1955  4  188
  5  132  0 1937 24    1  4  220  2 5885  7  671  8 1953  4  220
  2 5921  7  651  8 1951  4  220  2 5921  7  651  8 1953  4 7508
  4 6740  4 3399  4 2631  4 3142 12 3138  2 3396  2 2628  2 3140
 10 3136  1 7492  1 6724  1 7236  4 7252  1   68  4   84  2  133
 10 3392  4  133 12  129  0   32 10 2624 12 3394 12 2626 31 8191
  0    0  5 6090  0  176 20    2  9   32 20    3  6 5954  2  223
  2  188  9  655  8 2322  2  176  5 6091  0 6091 20    0  5 6097
  6 5912  5 6098  4 6097  6 5970  5 6099  2  194  5 6100  4  188
  5 6104  4 6090  7 2024  2 5885  7 2022  8 2049  4 5895  8 2048
  4 6098  7 2027  8 2049  5 6091  0 6091 20 1967  6 5970  2  194
  7 2038 20 1967  1 5884  7 2049 10 6091  8 2028  4 6091 14 8191
  5 6091  7 2047  2 5921  9 2045  8 2049  4 6091  8 2048  4 5967
  5 6104  4  188  5 6091  0 6091 20 1967  5 6092  2 5896  7 2065
  4 6092  6 5934  2 6097  7 2062 10 6091  8 2051  4 6092  6 5954
  8 2066  4 5885  5 6101  0 6090 24 2069  8 2130  8 2174  8 2214
  8 2232  8 2236  8 2252  4 6090  2 5884  7 2080  1 5884  8 7723
  0  204 20 2083  8 2007  4 3136  4 3392  4 2624  4 6104  7 2092
  1 5971  1 5961 11 1553  8 1558  0 1992 24    1  4 5972 11 1553
  8 1558 11 1649  8 1650  4  194 14    8 14 8176  5 6090  4 6099
 14    8 14 8176  5 6091  1 6090  9 2119  2 5884  7 2112  8   62
  4 6091  7 2115  4 5967  1 5963 11 1553  8 1556  8   62  1 5878
  7   62  8  701  0    0  4  194  2 5973  7  701  6 5881  0 2122
  7 2094 24    1  4  193  7 2257  4  194  6 5974  2 5975  7 2141
  4 6101  2 5921 11 2122  7 2123  8 2166  4 6099  6 5974  2 5975
  7 2146  8  701  4  195  7 2160  4 6098  7 2154  4 5976 11 1553
  8 1554  8 2099  4  194  2 5977  7 2158  4 5961  1 5978  8 2167
  4 6098  7 2166  4 5979 11 1553  8 1554  8 2099  4 5976 11 1553
  8 1554  4 6100  7 2086  1 5980  7 2086  8 2099  0  204 24 2176
  8 2179  8 2195  8 2210  4 6099  2 5977  7 2188  4 6098  8 2184
  4 5981 11 1553  8 1557  8 2114  4 6098  7 2191  4 5911  1 5982
 11 1553  8 1557  8 2086  4 6099  2 5900  7 2205  4 6098  8 2200
  4 5968 11 1553  8 1557  4  188  8 2115  4 6098  7 2208  4 5911
  1 5983  8 2192  4 6099  2 5984  7 2205  8  701  4 6098  8 2216
  4 6099  2 5977  7 2226  4 6099  2 5900  7 2229  4 6099  2 5984
  7   62  8  701  4  136  7 2115  8   62  4  136  7   62  8 2114
  4 6099  2 5985  7 2086  8  701  4 6099  2 5986  7 2240  8  701
  4 6098  8 2242  4  193  7 2248  4 5987 11 1553  8 1554  8   62
  4 5988 11 1553  8 1555  8   62  4 6099  6 5974  2 5975  7 2257
  8  701  0 6101 24 2259  8 2341  8 2351  8 2272  8  612  8   36
  8 2351  8   65  4 6104  2 5967  7 8035  4 5911  8   69  8 2249
  4  194  2 5977  7 2295  4  194  2 5900  7 2299  4  194  2 5984
  7 2301  4  194  6 5947  7 2285  8 2304 11 2122  8 2123  8 2099
 11 1565  8 1566  8 2086 11 1666  8 1667  0    0  8 2099  4 5917
 11 1553  8 1555  8 2099  4 5947  8 2296  4 6100  7 2299  8  701
 11 1666  8 1669  0 4096  0  162  4  194  2 5989  7 2318  8  119
  1  162  1  162  1  162 11 1553  8 1556  8 2291  4 6099  2 5984
  7 2311  8  701 20    2  6 5912  7 2339  4  223  1  223  1  223
  1  223  2  176  5 6091  0 6091 20    2  6 5912  5 6097 20    3
  6 5970  1 6097  8 2007  4  223  8 2003  4 6100  7 2344  8 2504
  4  194  6 5947  7 2288  4 5911  8 2355  4 6090  8 2355  4 6100
  7 2354  8  701  4 5983 11 1553  8 1555  8 2086  4 6090  8 2249
  0    0  0  178 20    2  6 5891  5  191 20    3  6 5954  5  192
 20    2  6 5886  5  193 20    3  6 5970  5  194 20    2  6 5912
  5  195  0 2360 24    1  0    0  5 6090  4  156  5  158  4  180
  5  178  0  178 20    0  2  217  7 2390  8 2393 20    1  2  218
  7 2433 20    0  1 5884  7 2403  4  178  2  181  7 2429  4  178
  1 5878  5  178  8 2385  4 6090  7 2426  2 5884  7 2486  1 5921
  7 2410  8  689  4 5878  2  180  5  180  5  178 11 2511  8 2512
  0  178  4  217 21    0  4  218 21    1  4  188 21    2  4  170
 21    3  8 2486 20    1  5  158  8 2396  4 6090  2 5884  7 2486
  8 8008 11 2360  8 2361  4 6090  7 2440  2 5921  7 2486  8  658
  4  172  6 5992  7 2446  4  194  6 5992  7  619  4  194  6 5993
  2 5908  7 2496  1 5956  9 2498  4  215  7 2486  4  194  6 5947
  7 2473  4  207  2 5994  7 2473  2 5969  7 2471  1 5908  7 2465
  8  607  4  209  2 5995  7 2471  2 5996  7 2471  8  607  4  134
  7  607  4  207  2 5994  7 2483  2 5997  7 2479  8 2486  4  194
  6 5911  7 2501  8 2486  4  194  6 5947  7  668  4 6090  7 2489
  8 2494  0  178 20    2  6 5890  1 5917 21    2  0 2379 24    1
  4  137  8 2499  4  188  5  136  8 2452  4  193  7  645  8 2507
  2 5980  7 2344  8  701  4  194  6 5881  7  645  8 2486  0    0
  4  180  2 2518  1  189  0 2511 25    1  8  621  0 6237  0    0
  4  188  5  164  4  164  2  189  7 2531  0  164 20 6237  2  205
  7 2542 10  164  8 2522  4  205 21 6238  4  204  7 2549  4 5884
  1  164  5  189 11 2511  8 2512  0 2519 24    1  4  204  7 2545
  8 2540 20 6238  2  206  7 2553  8 2529  4  206 21 6239  4 5921
  8 2536  4  164  1 5884  2  189  7 2558  8 2540 10  189  8 2538
  0 6235  0    0  4  183  1 5892  5  183  0 2561 20    1  5 6096
  4 5892  5 6095  4  188  0 6096 14    4  3 6096  7 2578 10 2561
  0 2561 20    1  0  183 21    3 10  183 10 6095  4 6095  9 2570
 20    1  6 5956  5  230  4 2560  2  183  9 2591  8  623  0 2561
  4 6096 23    2  8 2568  0    0  4  188 11 2379  8 2380  4  170
  6 5998  2 5998  7 2693  4  194  2 5999  7 2664  4  194  2 5986
  7 2670  4  194  6 5998  2 5998  7 2666  4  194  6 5996  7 2697
  4  220  7 2633 11 1506  8 1507  4 4608 31   27  4  194  6 6000
  2 6001  7 2628  4  188  8 2629  4  137  5  136 11 1649  8 1650
  8 2664  4  193  7 2636  8  660  0  178 20    3  6 5976  2 5976
  7  660 20    3  6 6002  1 5912 21    3  4  188  5 6090  4  194
  6 5993  2 5908  7 2652  4 5961  1 5978  1  158  1 6090  8 2662
  4  194 14   12  9  675  4 6088  1  158  1  191 11 1553  8 1558
  0 2595 24    1  4  193  7 2739  4 5976  8 2660  4  230  2 6003
  7 2674  8  684  4  191  5 2691  4  193  7 2683  4 6004  5 2689
  4  158  5 2690  8 2686  5 2690  4 6005  5 2689 11 2561  8 2562
  4 4608  0    0  0    0  0    0  8 2664  4  156  2  158  7  665
  8 2603  4  193  1  195 14 8177  1  220  6 6006  5 6090  0 6090
 24 2705  8 2713  8   57  8  692  8  692  8 2656  8 2730  8 2736
  8 2668  4  194  6 6000  7  681  4  194  2 5977  7 2721  4 5911
  8 2661  4 5991  8 2661  4  194  2 5977  7 2728  4 5947  8 2661
  4 5917  8 2661  4  194  6 5985  7 2734  4 6007  1 5979  8 2660
  4  191  5 6090  8 2647  4 5911  8 2661  0    0  5  220  4  215
  7 2767  2 5884  7 2773  4  220  7  675  4  204  2 5921  7 2776
 11 2519  8 2520  4  204  7 2760  4  188  5  136  4 5968  8 2763
  4  137  5  136  4 5981 11 1553  8 1557  0 2741 24    1  4  209
  2 5938  7 2779  2 5939  7 2783  8  676 11 2595  8 2596  8 2765
  4  130  7 2752  8  661  4 5880 11 1724  8 1725  8 2765  4  220
  7  676  8 2765  0    0  4  138  2  136  7 2799  4  138  7 2794
  4 5963  8 2795  4 6008 11 1553  8 1558  4  138  5  136  0 2786
 24    1  0    0  4  128  6 5921  7 2806  8 2832  4  178  5 6090
  0 6090 20    4  1 5884  7 2816  4 6090  1 5878  5 6090  8 2808
  4 5885  5  211 20    2  6 5891  1  191 11 5391  8 5392  4 5882
  5  211  4  185  2  192 11 5391  8 5392  4 5885 11 5369  8 5370
  0 2801 24    1  0    0 10  223  4  223  2 5931  9  700  4  132
  7 2881  4  209  2 5938  7 2866  2 6009  7 2864  2 6010  7 2851
  2 5996  7 2851  8  701  4  215  7  657  2 5921  7 2860  4  188
 11 2379  8 2380  4  188  8 2893 11 2519  8 2520  4 5884  8 2893
  4 5885  8 2893  4  230  2 6011  7 2872  2 5956  7 2872  8 2896
 11 1666  8 1667  0 4096  0  158  4 5878 11 1992  8 1993  0 2834
 24    1  4  230  2 6012  7 2896  4 5884 11 2741  8 2742  4 5921
 11 1724  8 1725  4  133  5  132  4 5921 11 1992  8 1993  8 2879
  4  133  5  132  4 5967  8 2893  0    0  4 5884 11 2741  8 2742
  4 5884 11 1724  8 1725  4  136  7 2913 11 1506  8 1507  4 4608
 31   18  4  230  2 6013  7 2926  2 6014  7 2919  8  640  4  207
  2 6015  7  656  0  183 26    1  0 2900 24    1  0  183  4  207
  2 6015  7 2936 20    0  6 5881  7  603 18    0 21    0  8 2922
 20    0  6 5881  7 2940  8  603 20    0  1 5881 21    0  8 2924
  0    0  5  220  4  215  7 2949  8  670  4  132  7 2948  4  166
  9  652  7 2959  4  220  2 5921  7 2959  0 2944 24    1  4  230
  2 6016  7 2957  2 5941  7 2982  1 6017  7 2967  8  643  4 5878
  2  180  5  180 11 2511  8 2512  0  180  4 5896 21    0  4  156
 21    1  4  160  1 5881  5  160  8 2981  8 2985  4 5885  2  183
  5  183  4  156  5 2994  5 3008  4  220  2 5921  7 8133 11 2561
  8 2562  0 4160  0    0 16 3072  4 5912  5  166  8 2957  4  185
  1 5884  5 3009  4  156  1 6018  5 3016 11 2561  8 2562  0 4672
  0    0  0    0 16 4096 11 1506  8 1507 13 4680 31    1  8 8191
  0    0  8 2996  0    0  5 6091  4  215  2 5884  7 3024  8  679
  4 5885 11 2379  8 2380  0 6091 24 3029  8 3034  8 3044  8 3050
  8 3063  8 3065  0  178  4  190 21    2  4  170  2 5977  7 3042
 10  190  8 3073 10  190  8 3040  0  178  4  189 21    2 10  189
 26    3  8 3073  0  178  4  225  7 3059 20    3  1 5912 21    3
  4  225  1  178  8 3060  4  185  1 5912 21    2  8 3073 10  231
  8 3073  0  178  4  189 21    2  0  189  4  156 21 6238 10  189
 10  189  0 3018 24    1  0    0  4  227  7 3116  4  188  5  227
  4  146  7 3087  4  188  5  146  4  133  5  132  8 3114  4  148
  7 3092  4  188  5  148  8 3084  4 5886  5  166  4 5884 11 1937
  8 1938  4  132  7 3120  4  215  7 3114  2 5884  7 3104  8  674
 11 2379  8 2380  4  194  2 5973  7 3110  8  674 11 1649  8 1650
  4  188  5  172  0 3075 24    1  4  209  2 5938  7  686  8 3078
  4 5884 11 2741  8 2742  4  133  5  132  4  188  5  130  8 3112
  0    0  4 5884 11 2741  8 2742  4 5921 11 1724  8 1725  4  230
  5 6097  2 5994  7 3167 11 1666  8 1667  4    0  0  138  4 6097
  2 6019  7 3148 11 2786  8 2787  4 6097  2 6020  7 3158  2 6021
  7 3156  1 5941  7 3157  8  610  1 5885  1 5901  1 6022 11 1553
  8 1558  4  230  2 6023  7 3165  8  610  0 3128 24    1  4  207
  2 5920  7  663  0  183 26    1  8 5231  0    0  4 5896  5  555
  4  188  0  180  8 8137 20    3 14    5  9 3223 20    2  6 6024
 21    2 20    3 14    2  9 3243 20    3  6 5954  2  188  5 6097
  2 5885  6 6025  2  180  5 6098  4 5878  2  180  5  180  5 6099
  4 6097  7 3232  0  180 20    2  6 5917  7 3245  0  180 20    2
  6 5912  5 6093 20    3  6 5970  1 6093  0 6099 21    3  4 5878
  2  180  5  180 10 6097  4 5884  2 6099  5 6099  8 3200 20    3
  9  690 14    1  9 3228  8  690 20    3  1 5886 21    3  8 3182
  4 6098  2  180  7 3243  4 6098  5  180  0  180 20    0  9 3241
  8 3243  4  188 21    0  4  207  8 8129  4 5885 11  810  8  811
  8 3206  0    0  4 5884 11 3300  8 3301  4  170  7 3256  8  613
 11 3075  8 3076  4 5884 11 1724  8 1725  0 3249  4  230  2 6026
  7 3266 24    1 11 1666  8 1667  0  512  0  174 11 3367  8 3368
  4  174  5 3278 11 1506  8 1507  5  704 31   10  0    0  8 3258
  0    0  4  215  7  671  2 5921  7 3295  4  188 11 2379  8 2380
  4  194  2 5973  7 3297  4  194  6 5991  7 3295  8  607  0 3280
 24    1 11 1574  8 1575  8 3323  0    0  5 6101  4  146  7 3329
  4  209  2 5938  7 3311  2 5939  7 3364 11 3280  8 3281  4  188
 11 2741  8 2742  4  133  5  132  4  136  7 3319  4 5884  1 5884
  1 5950 11 1553  8 1558  4  188  5  234  4 6101  7 5231  0 3300
 24    1  4  148  7 3327  4  209  2 5938  7 3340  2 6009  7 3323
  1 6027  7 3358 11 3280  8 3281  4 5884 11 2741  8 2742  4 5921
 11 1724  8 1725  4  188  5  132  4  194 14   12  9 3356  4  136
  7 3354  4 5884  1 5885  8 3320  4 5954  8 3320  4  234  9 3343
  4  194  6 5996  7 3323  8 3340  4  234  9  703  8 3323  0    0
  4 5896  5  555  5  222  4 6028  2  156  7 3375  8 8049  4  180
  8 8048  0  180 20    0  1 5884  7 3409  9 3383  8 3405 20    2
  6 5917  7 3398 20    3  6 5970  2 5986  7 3391  8 3405 20    2
  6 5891  5 6090  0 6090 20 6237  7 8052  8 3405 20    3  6 5999
  2 5999  7 3405  4 5885 11  810  8  811  4  180  1 5878  5  180
  8 3377 20    1  5  156  4  180  1 5878  5  180  4  188  5  222
  4 5879  8 8056  4 5921 11 2944  8 2945  4  170  7 3438  6 5974
  2 5975  7 3427  8  634  4  170  6 6029  1 5947  5  170 11 2561
  8 2565  4    0 18 2048  4  188  5  231  8 5231  4 6030  8 3430
  4 5977  8 3445  4 5900  8 3445  4 5984  5 6090  4  170  7 3449
  8  659  4 6090  5  170  4 5884 11 2944  8 2945  4 5885 11 1401
  8 1402  4  207  2 6014  7 5234  2 5919  7 5234  1 5997  7 3467
  1 6031  7 3467  8  630 11 3018  8 3019  4  207  2 5907  7 3478
  4 5884 11 1401  8 1402  4  207  1 6032  8 3462  5  170  8 5231
  4  132  7  646  4  214  2  134  1  215  7 3487  8  646  4  188
  5  166  4  230  2 5968  7  646  2 5969  7  646 11 2561  8 2565
  4    0  8 7168  8 8141 11 3128  8 3129 11 1666  8 1667  0  512
  0  174  4  174  1 5884  5 3514  1 5921  5 3519 11 1506  8 1507
  5  704 31   11  0    0 11 2561  8 2565  4  512 16 5120  0    0
  4  133  5  132  4  188  5  214  5  130  8 5231  4 5921 11 3300
  8 3301  4  230  2 6033  7 3544  4 5884 11 2741  8 2742  4 5921
 11 1724  8 1725  4  230  2 6033  7 3546  2 5941  7 3554  8  636
 11 3075  8 3076  4  133  5  132  4  188  5  130  5  172  4 6034
  5 3568  8 3557  4 6035  1  136  8 3552 11 1666  8 1667  0  512
  0  174  4  174  5 3574  4  185  5 3569 11 2561  8 2565  4  512
  0    0  0    0 11 1506  8 1507  5  704  8 8191  0    0  8 5231
 11 3249  8 3250  4 5882  5  217  5  218  4 6036 11  526  8  527
  4 5896  5  555  4  230  2 6016  7 3594  2 5941  7 3595  1 6017
  7 3613  8  666  4 5896  5 3609 11 1666  8 1667  0    9  0  156
  0  164  4 3609  7 3610  4  164  5 3609 11 1506  8 1507  5  704
 31   17  0    0 11 3367  8 3368  8 3616 11 1666  8 1667  0    0
  4  183  2  184  7 5567  4  188  5 6102  4 5878 11 1401  8 1402
  4  207  2 6037  7 3634  2 5907  7 3634  1 5909  7 3634  4 6102
  7 3637  8 3621  4  188  5  215  8 5234  4 5884 11  810  8  811
  4 5884  5 6102  8 3621  4  214  2  215  7 3647  8  662  4 5921
 11 1937  8 1938  4 5886  5  166  4  185  5 3658 11 2561  8 2565
  4  512  8 3072  0    0  4 5878  2  180  5  180 11 2511  8 2512
  0  180  4 5896 21    0  4  156 21    1  4  160  1 5881  5  160
  5  156  5 3679 11 1506  8 1507 18  585 31    9  0 8191  0    0
  0 8191  4 5896  5  214  4 5884 11 1401  8 1402  4  207  2 6038
  7 3690  8  685 11 2741  8 2742  4 6020  1  136  5 3698 11 2561
  8 2565  4    0  0    0  4  188  5  132  4  131  5  130  8 5231
  4  215  7 3707  8  664  4 5921 11 1937  8 1938  4 5886  5  166
  5  227 11 2561  8 2565  4    0 17 2050  4  188  5  132  4 6039
  5  172  8 5231  4  215  1  146  1  148  7 3727  8  639  4  209
  2 6040  7  639  2 6041  7  639  1 5939  7  639  4 5884 11 1937
  8 1938  4  132  7 3762  4  170  7 3745  6 5998  2 5998  7 3747
  8  638  4 5886  5  166  4  130  1  132  5 3755  4  172  5 3756
 11 2561  8 2565  4  576  0    0  0    0  8 2048  4  188  5  130
  5  132  8 5231  4  210  6 5924  7 3747  8  606  4 5884 11 2944
  8 2945  4 5884 11 1401  8 1402  4 5884 11 2379  8 2380  4 5878
  2  180  5  180  4 5896  5  221  0  180 21    0  4  156 21    1
  4  170  7 3790  6 5974  2 5975  7 3790  8  620  4  225  7 3793
  8 3819  4  156  5 3810  4  160  1 5881  5  160  5  156  4 5878
  2  166  1  180  5 3808  4  185  5 3811 11 2561  8 2565  0  585
  0    0 17 5120  0    0  0    0 11 1506  8 1507  4 4608  8 8191
  4 6001 11  526  8  527  4  188  5  223  4 5886  5  166  4  207
  2 5907  7 3874  2 6042  7 3829  8  605  4  170  7 3833  6 5993
  1 5996  1 6043  5  170  4 5921 11 3018  8 3019  4  178  5  186
  4  135  5  134 10  223  4  223  2 5931  9  700  4 5884 11 1401
  8 1402  4 5884 11 2379  8 2380  4 5878  2  180  5  180  2  183
  9 3858  8  621  0  180  4  217 21    0  4  218 21    1  4  223
  1 5886 21    2  4  188 21    3  4  207  2 5995  7 3842  2 5908
  7 3897  8  618  4  170  7 3877  1 6044  1 5973  5  170  4 5921
 11 3018  8 3019  4  178  5  186  4  225  7 3887  8 3891  4 6018
  1  156 11 1553  8 1558  4  188  5  170  4 5885 11 1401  8 1402
  8 4115  4  225  7 3900  8 3905  4 6018  1  156  1  223 11 1553
  8 1558  0  186 20    3  6 5934  1  223 21    3  4  188  5  170
  5  134 11 1401  8 1402  4  207  2 5907  7 3919  8  604 11 1401
  8 1402  4  207  2 5910  7 3925  8 3946  4 5884 11 1401  8 1402
  4 5921 11 2379  8 2380  4  193  7  689  0  178 20    2  6 6024
  1 5912 21    2  4  207  2 5907  7 3944  2 6031  7 3925  8  616
 11 1401  8 1402  4  188  5 6090  4  207  0  188 14    2  5 6091
  0 6090 20 3963  5 6092  1 5884  7  641  4 6092  6 6045  2 6091
  7 3972 10 6090  8 3952  6 6340  6 2260  5 6308  7 1220  8 2053
  7 5128  9 2056  8 4098 31 8191  4 6092  6 6046  0  188 14    4
  5  170  4 5885 11 1401  8 1402  4  215  7 3985  2 5884  7 4004
  8  597  4  170  6 5974  2 5975  7 3990  8  596  4  207  2 6014
  7 3998  2 5919  7 3996  8  596  4 6007  8 3999  4 6047  1  170
  5  170  4 5884 11 1401  8 1402  4 5921 11 2379  8 2380  4  194
  7 4010  8  689  4  193  7  689  0  178 20    3  6 6048  1  170
 21    3  4  170  2 5999  7 4024  4  170  6 6049  7 4033  8 4026
  4 5884  8 4027  4 5954  5 6090  0  178 20    3  6 5934  1 6090
 21    3  4  207  2 5907  7 4039  2 6031  7 4001  8  616  4  188
  5  170  4 5885 11 1401  8 1402  4  215  7 4047  8 4053  4  207
  2 6050  9 4053  2 6001  9 4053  8 3946  4  186  5 6102  4 5878
  2 6102  5 6102  4  188  5 1562  5 6091  0 6102 20    3  6 5970
  7  614  5 6090 20    2 14    1  9 4070  8 4078  4 6090  2 5999
  7  612  6 5985  7 4076  8  612  4 5881  5 1562  4  225  7 4081
  8 4111  0 6091 20 1967  6 5970  2 6090  7 4091 20 1967  1 5884
  7  641 10 6091  8 4081  4 6091 14 8191  7 4095  8 4096  4 5967
  1 1562  0  188 14   13  5 1562  4 6090  2 5999  7 4109  4 6090
  6 6051  7 4109  4 1562  1 5891  5 1562 11 1553  8 1559  4  180
  2 6102  7 4115  8 4055  4  188  5  221  4  207  2 6052  7 4121
  8 5234  5  225  4  186  5  180  4 5912  5  166 11 3173  8 3174
  4 5885 11 1401  8 1402  4  207  2 5907  7 4135  8 5234  4  215
  7 5231  8 5234  4  214  7  628  4 5884 11 2741  8 2742  4 5921
 11 1724  8 1725  4  230  2 6020  7 4150  8  685 11 1666  8 1667
  8    0  0  140  0  138 11 2786  8 2787  4  207  2 6053  7 4171
  2 5941  7 4177  4  188  5  130  4  140  7 4167  8  626  4 6054
  5 4189  4 6019  8 4184  4  140  7  626  4 7732  5 4189  4 6053
  8 4184  4  140  7 4180  8  626  4 6055  5 4189  4 6020  1  141
  1  136  5 4193 11 1506  8 1507  4 4608  0    0 11 2561  8 2565
  4    0  0    0  8 5231  4  170  7 4198  8  680  4 5999  5  170
  4 5921 11 2944  8 2945  4 5884 11 1401  8 1402  4  207  2 6038
  7 4210  8  680  5 6102  4 5884 11 3018  8 3019  4 5986  5  170
  4 5884 11 1401  8 1402 10 6102  4 5878 11 3018  8 3019  4  207
  2 5907  7 4229  2 6031  7 4216  8  702  4 6102  1 6102  2  189
  5 6090  0 6090  4 6102 21 6236  4  188  5  170  4  133  5  132
  8 5231  4  132  7 4244  8  609  4 5884 11 2741  8 2742  4 5921
 11 1724  8 1725  4  230  2 6056  7 4254  8  637 11 1666  8 1667
  0  129  0  130  0  132  0  172  4  132  7 4264  4 6057  8 4265
  4 5957  5 4271  4  185  5 4272 11 2561  8 2565  4  512  0    0
  0    0 11 1506  8 1507  4 4608  7 8191  8 5231  4  132  7  678
  4  215  2 5921  7  678  4  146  1  148  7 4287  8  678  4  170
  7 4290  8  654  4  214  7 4293  8  699  4  134  7 4296  8  654
  4 5886  5  166  5  227  4  188 11 2741  8 2742  4 6058  1  136
  5 4318  4  230  2 5968  7 4320  2 5969  7 4320  4  136  5  233
  4 4318  1 6059  5 4318 11 2561  8 2565  4    0  0    0  8 5231
  4  136  2  233  7 4315  8  594 11 3249  8 3250  4  230  2 5903
  7 8119  2 6060  7 5231  1 5941  7 5231  1 6017  7 5231  8  653
  0    0  0 8191 11 1666  8 1667  0 4610  0  156  0  174  0  166
  0 4336  4 4336  5  180  4  174  5 4353 11 1506  8 1507  5  704
 31   17  0    0 11 3173  8 3174  8 5231  1 5884  1 5884  1 5887
  5 6102  4  209  2 5889  7  649  1 5944  7  649  4  132  5 4408
  4 5885 11 1937  8 1938  4  215  7 4391  4 5884 11 2741  8 2742
  4 6102 11 1724  8 1725  4  207  1  136  1 6102  5 4388  4  208
  5 4389 11 2561  8 2565  4 4096  0    0  0    0  8 5231  4  210
  2 5947  7  676  4  209  2 5938  7 4373  2 5939  7 4376  4  207
  2 6061  7 4409  2 5919  7 4405  8  649  4 4408  5  132  8 6085
  0    0 10 6102  4 6062  5  207  8 4379  4  130  7 4416  8  648
  4 5885 11 1937  8 1938  4 5884 11 2741  8 2742  4 5879 11 1724
  8 1725  4  207  1  136  1 5879  5 4434  4  208  5 4435 11 2561
  8 2565  4 4096  0    0  0    0  8 5231  1 5884  1 5884  1 5884
  1 5884  1 5885  5 6102  4  130  7 4446  8  648  4 5885 11 1937
  8 1938  4  207  2 5964  7 4466  4 5884 11 2741  8 2742  4 6102
 11 1724  8 1725  4  207  1 6102  5 4464 11 2561  8 2565  4    0
  0    0  8 5231  4  209  2 5964  7  647  2 5917  7  647  1 5939
  7  647  4  210  6 5991  7 4477  8  647  4  215  7 4458  8  647
  4  209  2 5938  7  673  2 5939  7  673  4  215  7  633  4  170
  7 4530  4  230  2 6063  7 4552  4  188  5  132 11 2741  8 2742
  4  130  1  132  5 4513  4  146  1  148  5 4514  4  172  5 4515
  4  134  1  136  1 5994  5 4516  4  178  5 4518 11 2561  8 2565
  4 4681  0    0  0    0  0    0  0    0  0    1  0    0  4  188
  5  134  5  148  5  146  4  188  5  132  5  172  5  136  4  131
  5  130  8 5231  4 5886  5  166  4  188 11 2741  8 2742  4  194
  2 5999  7 4539  8 4496  4 5999  5  172  4  230  2 6003  7 4566
  4  134  7  682  4  193  7 4570  4  158  5 4579  4 6064  8 4572
  4 5885 11 3018  8 3019  4 6013  5 4562  4  178  5 4564 11 2561
  8 2565  4 4608  0    0  0    1  0    0  8 4523 11 1666  8 1667
  0    0  8 4546  5 4579  4 6065  5 4578  4  191  5 4580 11 2561
  8 2565  4 4608  0    0  0    0  0    0  8 4496  4 5884 11 2741
  8 2742  4 5884 11 1724  8 1725  4  136  7 4594 11 1506  8 1507
  4 4608 31   18  4  230  2 6013  7 4600  2 6014  7 4618  8  632
 11 1666  8 1667  4 4608  0  142  0  162  0  178 11 2360  8 2361
  4  142  7  631  4  133  5  132  4  188  5  130  4  230  2 6063
  7 4639  8  683 11 1666  8 1667  8 4753  0  134  0  136  0  162
  0  178  0  130  0  132  0  146  0  148  0  172 11 2360  8 2361
  4  192  2  162  7 4703  4  192  2 5954  7 4694  8  655 11 1666
  8 1667  0    0  0  188  4  231  1 5896 14    2  1  178  5  178
  4  162 14    6  1  231  1 6066 11 1553  8 1558  0  178 20    3
  6 5970  2 6030  7 4660  4 5886  1 5886  1  190 11 1553  8 1558
  0  178 20    2  6 5961  1  190 21    2 20    3  6 5934  1  162
 21    3 10  190 10  190  4 5878  2  178  5  178  4 5884  2  231
  5  231  7 4683  8 4664  4  188 11 1401  8 1402  4  207  2 5907
  7 4692  2 6031  7 3431  8  667  5  170  8 5231  0  178 20    3
  6 5934  1  162 21    3  4  162  5  192 11 2801  8 2802  4  172
  2 5999  7 4716  4  132  7 4720  4  192  5 4714 11 2561  8 2565
  4 4096 17 4108  0    0  8 5231  4  162  2 5884  7 5231  8  611
  4  192  1  192  1  192  1 5990 11 1553  8 1558  8 5231  4  170
  7 4736  6 6067  2 6067  7 4733  8  677 11 2900  8 2901  8 5231
  4 5921 11 1937  8 1938  4 6068 11  526  8  527  4  215  7  671
  2 5921  7  600  4 5886  5  166  4  188 11 2379  8 2380  4  194
  2 5986  7 4755  8  658  0  191 20 6237  7 4759  8  697  0  191
 20 6238  2  156  7 4786  4  156 21 6238  4 5878  2  188  5 6090
  1  180  5  180  5 6091 11 2511  8 2512  0  178 20    0  5 6092
  4  188 21    0  4 6092  0 6091 21    0 10  178 10 6091 10 6090
  4 6090  9 4773  0  191  4  185  1 5886 21 6237  8 5231  4  188
 11 3300  8 3301  4  134  7 4803 11 2834  8 2835  4  188  5  172
  4  133  5  132  8   73  4  214  7 4817 11 3128  8 3129  4 6020
  1  138  5 4813 11 2561  8 2565  4    0  0    0  4  131  5  130
  8 5231  4  170  7 4822  4  230  2 6063  7 4825 11 2900  8 2901
  8 5231  4  215  7  629  4 5885 11 3018  8 3019  8 5231  4  215
  2 5921  7  645  4  209  2 5938  7  645  2 5939  7  645  4  170
  7 4845  6 6069  2 6069  7 4952  8  624  4  215  7 4959  4  128
  6 5878  7 4851  8 4879  4  217  2 6070  7 4855  8 4879  4 6071
  2  218  7 4868  1 5884  7 4865  1 5887  7 4865  1 6006  7 4865
  8 4879  5  215  5  132  8 4959 11 5422  8 5423  4  201  2 5887
  7 4874  8 4868  4  209  5  207  4  210  5  208  8 5231  4 5886
  5  166  4 5884 11 1937  8 1938  4  172  6 5992  7 4888  8  644
  4  188 11 2379  8 2380  4  170  6 6069  2 6069  7 4991  4  194
  6 5996  7 4995  4  188  5  132  4  209  1 6072  7  645  1 5944
  7  645  0  178 20    2  6 5947  7 4910  8 4914 11 1506  8 1507
  4 4608 31   27  4  130  1  132  5 4933  4  146  1  148  1  158
  5 4934  4  172  5 4935  4 6012  1  134  5 4936  4  223  5 4937
  4  176  5 4938 11 2561  8 2565  4 4681  0    0  0    0  0    0
  0    0  0    0  0    0  4  178  5  176  4  133  5  132  4  135
  5  134  4  188  5  223  5  130  5  172  5  148  5  146  8   73
  4  132  7 4956  4  134  7  645  4  215  7 4967  8 4884  4 5885
 11 1937  8 1938  4  148  1  146  7 4967  4 5896  5  234  4  230
  2 6012  7 4971  8 4977  0  183  4 5941 17    0 21    0  4  188
  5  132  4  148  5 4986  4 5911  1  134  5 4985 11 2561  8 2565
  4 4096  0    0  0    0  4  188  5  134  5  148  8 5231  4  156
  2  158  7  665  8 4895  4  132  7 4998  8 4914  4  148  1  146
  7  681  4  209  2 5904  7 4914  2 5941  7 4914  1 5924  1 5941
  7 4914  8  681  4  134  7 5060 11 2834  8 2835  4  230  2 6012
  7 5020  1 5941  7 5020  8  701  4  176  5  178 11 2360  8 2361
 11 1666  8 1667  4 4761  0  134  0  162  0  176  0  130  0  132
  0  146  0  148  0  158  0  172  4  192  2  223  7 5055  4  193
  7  655  4  192  2 5954  7 5045  8  595  0  178 20    3  6 5934
  1  223  1 5980  8 8150  4  223  5  192 11 2801  8 2802  4  162
  5  223 11 1574  8 1575  8 5079  4  132  7 5063  8  625  4 5884
 11 2741  8 2742  4 5921 11 1724  8 1725  4  230  2 5911  7 5073
  8  624 11 1666  8 1667  4 4096  0  134  0  148  8 5231  4  132
  7 5100  4  188 11 1401  8 1402  4  207  2 6037  7 5234  2 5907
  7 5234  1 5909  7 5234  1 6069  7 5234  4  146  1  148  7  622
  4  207  2 5995  7 5234  8  622  4  194  6 6073  7 5105 14 8182
  8 5106  4  137  5  136  8 5231  4  215  7 5111  8  701  4  134
  7 5114  8 5122  4  148  7  671  4  209  2 6074  7 5128  2 6075
  7 5128  8  671  4  209  2 5995  7 5128  2 5996  7 5128  8  701
  4  185  5 5173  1 5884  5 5174  4 5884  5 6102 11 1506  8 1507
  4 4608  8 8191  4  188  5  134  5 6090  5 6092  5 6093  0 6090
  4  201 21 6091  4 6102  7 5167 11 5422  8 5423  4  201  2 5985
  7 5197  4 6102  1 5896  7 5159  4  203  6 5920  7  635  4  201
  2 6006  7 5201 10 6090  4 6090  2 5885  7 5203  8 5143  4  135
  5  134  8 5203 11 1506  8 1507  5 1664  0    0  0    0  4 5917
  5  207  4  188 11 1401  8 1402  4  148  7 5183  8 5214  4  207
  2 5995  7 5189  2 5908  7 5189  8  601 11 2834  8 2835  4  133
  5  132  4  207  2 6060  7 5014  8 5231  4 5884  2 6102  5 6102
  8 5162 10 6102  8 5162  0  188  4 6091 14    6  1 6092 14    6
  1 6093 11 1553  8 1558  4  134  7 5138  8 5170 11 1506  8 1507
  4 4608 15   15  4  188  5  134  5  132  4  207  2 5995  7 5231
  1 6031  7 5234  1 5909  7 5234  1 5907  7 5234  8  601  4 5885
 11 1401  8 1402  4  207  9 5235 14 8177  5 6090  0 6090 20 5252
  5 6090  4  207 14    3  0 6090 18    0  6 5961  7 5256 20    0
  1 5884  7  687 10 6090  8 5241  0 5313  0 5327  0 5331  0 5356
 20    0  6 5891  5 6090  0 6090  4  188 24    0  4 5911  5  225
  8 5231  0    0  5 6090  4  132  7 5271  4  215  7 5274  4 6090
  1 5884  8  707  4  209  2 5920  7 5290  2 5941  7 5290  1 5941
  7 5290  1 6027  7 5290  1 5908  7 5290  1 5909  7 5290  1 5941
  7 5290  8 5271  0 5265 24    1  4  188 11 5265  8 5266  4  147
  5  146  8 5305  4 5884 11 5265  8 5266  4  188  5  132  4  149
  5  148 11 1506  8 1507  4 4608 15   20  4 5886  5  227  5  166
  8 5231  7 5108  8 4831  9 5010 10 4358 11 4359 12 4791 13 4359
 15 4358 26 4727 27 4324 28 4413 29 4413 30 4413 31 8191 27 4480
 29 4582 30 4357 31 8191  1 3704  2 3722  3 3643  4 3576  5 5298
  6 5292  7 3480  8 5262 11 3444 12 3442 13 3440 14 3418 15 4195
 16 3766 22 4413 23 4413 24 4413 25 4441 26 4440 27 4439 28 4438
 29 4437 30 4241 31 3526 31 8191  0 3499  1 4278  2 4138  3 4138
  4 4138  5 4358 31 8191  0    0  4   14  2 5363  0   14 24 3739
  8 5368  0    0  2  188  8   26  4  188 15 6144 10 6090  4 6090
  9 5372  0 5369 24    1  0    0  5 6090  1  212  5  212  4 6090
  8 5388  3 6090  0 6090 14    5 15 6144  0 5379 24    1  0    0
  5 6093  4  128 14   16  9 5415  4  228  9 5415  8   15  0 6093
 14    4  3 6093 11 5379  8 5380  4  188  0 6093 14    8  3 6093
 11 5379  8 5380  4  188  0 6093 14    8 11 5379  8 5380  0 5391
 24    1  0    0  0    0  0    0  0    0  0    0  0    0  4  201
  5  200  4  202  5  201  4  196  9 5459 10 5417  4 5417  9 5444
  4 5892  5 5417  0 5418 10 5418 16 6146  4 5882 14    6  3 5421
  5  202  1 5896  7 5449  8 5451  0 5421  4 5882 14    7  3 5421
  8 5440  4 5886  5  196  0  201 20  307  6 6077  5  203  9 5457
 10  197  0 5422 24    1  4  198  7 5463 11 5363  8 5364  4  188
  5  196  5 6097  5 6105  4 5913  5 5418  4  198  9 5476  4  197
  7 5476 10  199  4  188  5  197  4  188  5  198  4 5892  5 5417
  4  188  5 5419 10 6105 15 2048  5 6098  6 5930  5 5420  0 5420
  4 6098  6 5992 18  307  6 5992  7 5494  8 5512 20  307  6 5930
  1 6077  9 5502  5 6098  4 5882  0 6098 24 5516  6 5893  5 6098
  4  188  8 5525 10 5418  4 5418  9 5478  4 5896  5  196  8  615
  4 5886  5 6097  4 5893  8 5503  8 5754  8 5523  8 5512  8 5483
  8 5512  4 5896  5  198  4 5884  5 6098  5 6099  4 6098  1 5419
  5 5419 10 5417  4 5417  9 5542  4 5419  0 5418 21 6146  4 6099
  7 5506  4 5913  5 5418  4 6097  7 5432  8  608  4 5419  0  188
 14    6  5 5419  4 6099  7 5482  8 5529  0    0  4 5878  5  211
  0 5549 20    1 11 5391  8 5392  4 5884  5  211  0 5549 20    2
 11 5391  8 5392  4 5953 11 5369  8 5370  0 5549 24    3 11 1506
  8 1507  4 4608 31    8  4 6078 11 5369  8 5370  4  228  7 5577
  8 5750  4  128 14   13  9 5800 11 5549  8 5550 24 6243 23 6444
  4  188  5 6099  4 6099  2  189  7 5601  4 5884  5  211  0 6099
 20 6237  9 5595  8 5596 10  211  6 5927 11 5391  8 5392 10 6099
  8 5586  4 5953  5  211  4  212 11 5391  8 5392  4  232  7 5725
  4  128  6 5879  7 5725 11 5363  8 5364  4  182  2  184  1 5895
 14 8191  5 6092  4  184  5 6090  4  188  5 6093 15 2048  7 5622
  8 5627  4  188 15 2048  5 6091 15 2048 15 2048  0 6090 21    1
  4 6091 14 8188 21    0 10 6090 10 6090 10 6092 16    0 24 5640
  8 5648  8 5648  8 5654  8 5656  8 5656  8 5657  8 5669  8 5725
  0 6093 24 5650  8 5667  8 5660  8 5656  8 5660  4 6093  7 5657
 10 6093  4 6092  9 5625  8 5669  4  188  0 6090 21    0 21    1
 10 6090 10 6090 10 6092  4 6092  9 5620  4  181  5 6090  0 6090
 20    2  6 5987  2 5987  7 5683  4 5878  2 6090  5 6090  2  182
  9 5671  7 5671  8 5613 20    2  6 5891  5 6093  0 6093 20    0
  0  184 18    1  7 5692  8 5676  0 6093 20    1  0  184 18    3
  7 5698  8 5676  4 6092  9 5703  4 5921  5  128  8 5750  4 6078
 11 5369  8 5370  4  184  5 6099  4  188  5 6098  0 6099 20    0
  5  211  2 5953  7 5723 20    1 11 5391  8 5392 10 6099 10 6099
  4 6098  7 5710  8 5613 10 6098  8 5715  4  188  5  212 11 5549
  8 5550 24 6262 23 2337  4 5967  5  211  4  190 11 5391  8 5392
  4 5953  5  211  4  212 11 5391  8 5392  4 6078 11 5369  8 5370
  4 6006  5  211  4  188 11 5391  8 5392  8 5768 11  435  8  436
  0 5797  8 5775  4 5420  2 5758  7 5459  8 5512  0   95 15 6144
  4 6080 15 6144  4 6081 15 6144  4 6080 15 6144  4 6079 15 6144
  4 5883 11 5369  8 5370  4 6082 15 6144  1 6083  9 5772  4 6084
 11 5369  8 5370  4  188 15 2048  5 6090  4  128  6 5921  7 5788
  4 6090  2 5825  7 5791  8 5778  4 6090 15 6144  8 5784  4 6084
 11 5369  8 5370  4 5796  5    9  8    9  0    6  0 4198 16 6764
 11  435  8  436  0 5817  4  185  1  189 11  480  8  481 11  435
  8  436  0 5821  4  190 11  480  8  481  4  128  6 5921  7 5580
  8 5816  0    9  0 7218 23 6642 16 6976  0    9  0 7395 16 6945
 25 3264  0   20  4 5884 11 1401  8 1402  4  128  6 5881  7 5838
 11  435  8  436  0 5875 11  435  8  436  0  216  4  217  5 5846
  5 5860  4  218  5 5847  5 5861 11 5549  8 5550  0    0  0    0
 11 1506  8 1507 18  586 15   20 18    2 15   17  8    9 11 1506
  8 1507 18  585  3 4588  9 6144  0    0  0    0 11 1506  8 1507
 13 4744  0 4192  0    4 15   15  4  188 11 1401  8 1402  4  207
  2 5889  7 5234  8  656  0    2  0   65  0   18  0    4  0    8
  0   12  0   16  0    0  0   50  0    1  0    3 16    0  0    9
  0  800  8 7168 27 8191  0 8191 31 8189  0   63  0  141  0   10
 31 8191  0   39 31 8190  0   62  4 3392  0   20 31 8173 17 5120
  8 6144  7 6144 31 5120  3 3072  0 3072  5 1024 10 3072  1    0
  8    0 31 8152  0   26  0   17  0   29  4    0  0   97  0 2048
 12    0  0    2  3 8191 28    0  7    0  0   65  0   64 15 8191
 15 8127 15 8064  0  127  0   14  0   31  0   34 31 8176  0 7629
  0   13  6 2560  7 5120  6 4096 10 5120  0 1024 30 6144  8 4096
  5 4096  0   27 22    0  2    0  0  255  0 7936 15    0  0   11
 21    0  0    6  0   15  0  511 31 7168 16 1024  0 5120  8    2
  7 6375 31    0 31   15 31   13 11 5120 25 1024 31   28  0    5
 18    0  5 7168  7 8176  0   60 31   27  4   80  4 2128  4 2112
 24    0  4 3136 29    0 26    0 28 8176 20    0 19    0 17    0
  4 2624  0   32  4  128  5    0 27    0  2 2624 13    0  3    0
  0  128  0 3968  7 3072  1 4096  0 4096  6 3072  2 2112  2  128
  0 8064  0 7168  7 8191 17 2048 17 1026 17 2050  0    7 30    0
 31   18  3 5120 29 4096 17 6144 18 4096 17 3072 10    0  3 2048
 16 4096  7 4096 23    0 12 4096 16 6144  4 2048 31    6  8 3072
 23 8191  0   28 16 5120  2 7168  0  816  1 8176  2 3136  1 7168
 22 2048 16 2048 17    1 16 7170  0 6464 11 7168 12 1024  6  128
 11 6144  4 1024  2 3072  1   64 28 4032 31 4096  0 4095  0 4112
 24   15  2   16 10 2048  3   16  9 1024 12 3072 31    7 31   22
  8 2048 16 2049 18    2 26 1024  1 1024  1 5120 18 1024 18 2048
 17 7170 17 6146  6    0  2   64  0 6912  2 2048 17 6693 17 6899
 23 1024  0  768  8 5120  7 1024  8    1 31 8128  0   21  0  129
  0  102  0   24 31 6911  0  256  0  100  4  209  5  207  8 5231
 25    0  0    0  0    0  0    0  0    0  0    0  0    0  0    0
  0    0  0    0  0    0  0    0  0    0  0    0  0    0  0    0
  0    0  0    0  0    0  0    0  0    0  0    0  0    0  0    0
  0    0  0    0  0    0  0    0  0    0  0    0  0    0  0    0
  0    0  0    0  0    0  0    0  0    0  0    0  0    0  0    0
  0    0  0    0  0    0  0    0  0    0  0    0  0    0  0    0
  0    0  0    0  0    0  0    0  0    0  0    0  0    0  0    0
  0    0  0    0  0    0  0    0  0    0  0    0  0    0  0    0
  0    0  0    0  0    0  0    0  0    0  0    0  0    0  0    0
  0    0  0    0  0    0  0    0  0    0  0    0  0    0  0    0
  0    0  0    0  0    0  0    0  0    0  0    0  0    0  0    0
  0    0  0    0  0    0  0    0  0    0  0    0  0    0  0    0
  0    0  0    0  0    0  0    0  0    0  0    0  0    0  0    0
  0    0  0    0  0    0  0    0  0    0  0    0  0    0  0    0
  0    0  0    0  0    0  0    0  0    0  0    0  0    0  0    0
  0    0  0    0  0    0  0    0  0    0  0    0  0    0  0    0
  0    0  0    0  0    0  0    0  0    0  0    0  0    0  0    0
  0    0  0    0  0    0  0    0  0    0  0    0  0    0  0    0
  0    0  0    0  0    0  0    0  0    0  0    0  0    0  0    0
  0    0  0    0  0    0  0    0  0    0  0    0  0    0  0    0
  0    0  0    0  0    0  0    0  0    0  0    0  0    0  0    0
  0    0  0    0  0    0  0    0  0    0  0    0  0    0  0    0
  0    0  0    0  0    0  0    0  0    0  0    0  0    0  0    0
  0    0  0    0  0    0  0    0  0    0  0    0  0    0  0    0
  0    0  0    0  0    0  0    0  0    0  0    0  0    0  0    0
  0    0  0    0  0    0  0    0  0    0  0    0  0    0  0    0
  0    0  0    0  0    0  0    0  0    0  0    0  0    0  0    0
  0    0  0    0  0    0  0    0  0    0  0    0  0    0  0    0
  0    0  0    0  0    0  0    0  0    0  0    0  0    0  0    0
  0    0  0    0  0    0  0    0  0    0  0    0  0    0  0    0
  0    0  0    0  0    0  0    0  0    0  0    0  0    0  0    0
  0    0  0    0  0    0  0    0  0    0  0    0  0    0  0    0
  0    0  0    0  0    0  0    0  0    0  0    0  0    0  0    0
  0    0  0    0  0    0  0    0  0    0  0    0  0    0  0    0
  0    0  0    0  0    0  0    0  0    0  0    0  0    0  0    0
  0    0  0    0  0    0  0    0  0    0  0    0  0    0  0    0
  0    0  0    0  0    0  0    0  0    0  0    0  0    0  0    0
  0    0  0    0  0    0  0    0  0    0  0    0  0    0  0    0
  0    0  0    0  0    0  0    0  0    0  0    0  0    0  0    0
  0    0  0    0  0    0  0    0  0    0  0    0  0    0  0    0
  0    0  0    0  0    0  0    0  0    0  0    0  0    0  0    0
  0    0  0    0  0    0  0    0  0    0  0    0  0    0  0    0
  0    0  0    0  0    0  0    0  0    0  0    0  0    0  0    0
  0    0  0    0  0    0  0    0  0    0  0    0  0    0  0    0
  0    0  0    0  0    0  0    0  0    0  0    0  0    0  0    0
  0    0  0    0  0    0  0    0  0    0  0    0  0    0  0    0
  0    0  0    0  0    0  0    0  0    0  0    0  0    0  0    0
  0    0  0    0  0    0  0    0  0    0  0    0  0    0  0    0
  0    0  0    0  0    0  0    0  0    0  0    0  0    0  0    0
  0    0  0    0  0    0  0    0  0    0  0    0  0    0  0    0
  0    0  0    0  0    0  0    0  0    0  0    0  0    0  0    0
  0    0  0    0  0    0  0    0  0    0  0    0  0    0  0    0
  0    0  0    0  0    0  0    0  0    0  0    0  0    0  0    0
  0    0  0    0  0    0  0    0  0    0  0    0  0    0  0    0
  0    0  0    0  0    0  0    0  0    0  0    0  0    0  0    0
  0    0  0    0  0    0  0    0  0    0  0    0  0    0  0    0
  0    0  0    0  0    0  0    0  0    0  0    0  0    0  0    0
  0    0  0    0  0    0  0    0  0    0  0    0  0    0  0    0
  0    0  0    0  0    0  0    0  0    0  0    0  0    0  0    0
  0    0  0    0  0    0  0    0  0    0  0    0  0    0  0    0
  0    0  0    0  0    0  0    0  0    0  0    0  0    0  0    0
  0    0  0    0  0    0  0    0  0    0  0    0  0    0  0    0
  0    0  0    0  0    0  0    0  0    0  0    0  0    0  0    0
  0    0  0    0  0    0  0    0  0    0  0    0  0    0  0    0
  0    0  0    0  0    0  0    0  0    0  0    0  0    0  0    0
  0    0  0    0  0    0  0    0  0    0  0    0  0    0  0    0
  0    0  0    0  0    0  0    0  0    0  0    0  0    0  0    0
  0    0  0    0  0    0  0    0  0    0  0    0  0    0  0    0
  0    0  0    0  0    0  0    0  0    0  0    0  0    0  0    0
  0    0  0    0  0    0  0    0  0    0  0    0  0    0  0    0
  0    0  0    0  0    0  0    0  0    0  0    0  0    0  0    0
  0    0  0    0  0    0  0    0  0    0  0    0  0    0  0    0
  0    0  0    0  0    0  0    0  0    0  0    0  0    0  0    0
  0    0  0    0  0    0  0    0  0    0  0    0  0    0  0    0
  0    0  0    0  0    0  0    0  0    0  0    0  0    0  0    0
  0    0  0    0  0    0  0    0  0    0  0    0  0    0  0    0
  0    0  0    0  0    0  0    0  0    0  0    0  0    0  0    0
  0    0  0    0  0    0  0    0  0    0  0    0  0    0  0    0
  0    0  0    0  0    0  0    0  0    0  0    0  0    0  0    0
  0    0  0    0  0    0  0    0  0    0  0    0  0    0  0    0
  0    0  0    0  0    0  0    0  0    0  0    0  0    0  0    0
  0    0  0    0  0    0  0    0  0    0  0    0  0    0  0    0
  0    0  0    0  0    0  0    0  0    0  0    0  0    0  0    0
  0    0  0    0  0    0  0    0  0    0  0    0  0    0  0    0
  0    0  0    0  0    0  0    0  0    0  0    0  0    0  0    0
  0    0  0    0  0    0  0    0  0    0  0    0  0    0  0    0
  0    0  0    0  0    0  0    0  0    0  0    0  0    0  0    0
  0    0  0    0  0    0  0    0  0    0  0    0  0    0  0    0
  0    0  0    0  0    0  0    0  0    0  0    0  0    0  0    0
  4 6810  5 6811  0 6811  4 6813 21    0 10 6811  4 6811  2 6812
  7 6814  8 6802  0 7000  0 7162  0 7162  0    0  0 6825 20    0
  0 6826 21    0 10 6825 10 6826  4 6825  2 6827  7 6824  8 6814
  8 8181  0 6825  1 6826  0 8180  0    0  0    0  0    0  0    0
  0    0  0    0  0    0  0    0  0    0  0    0  0    0  0    0
  0    0  0    0  0    0  0    0  0    0  0    0  0    0  0    0
  0    0  0    0  0    0  0    0  0    0  0    0  0    0  0    0
  0    0  0    0  0    0  0    0  0    0  0    0  0    0  0    0
  0    0  0    0  0    0  0    0  0    0  0    0  0    0  0    0
  0    0  0    0  0    0  0    0  0    0  0    0  0    0  0    0
  0    0  0    0  0    0  0    0  0    0  0    0  0    0  0    0
  0    0  0    0  0    0  0    0  0    0  0    0  0    0  0    0
  0    0  0    0  0    0  0    0  0    0  0    0  0    0  0    0
  0    0  0    0  0    0  0    0  0    0  0    0  0    0  0    0
  0    0  0    0  0    0  0    0  0    0  0    0  0    0  0    0
  0    0  0    0  0    0  0    0  0    0  0    0  0    0  0    0
  0    0  0    0  0    0  0    0  0    0  0    0  0    0  0    0
  0    0  0    0  0    0  0    0  0    0  0    0  0    0  0    0
  0    0  0    0  0    0  0    0  0    0  0    0  0    0  0    0
  0    0  0    0  0    0  0    0  0    0  0    0  0    0  0    0
  0    0  0    0  0    0  0    0  0    0  0    0  0    0  0    0
  0    0  0    0  0    0  0    0  0    0  0    0  0    0  0    0
  0    0  0    0  0    0  0    0  0    0  0    0  0    0  0    0
  0    0  0    0  0    0  0    0  0    0  0    0  0    0  0    0
  0    0  0    0  0    0  0    0  0    0  0    0  0    0  0    0
  0    0  0    0  0    0  0    0  0    0  0    0  0    0  0    0
  0    0  0    0  0    0  0    0  0    0  0    0  0    0  0    0
  0    0  0    0  0    0  0    0  0    0  0    0  0    0  0    0
  0    0  0    0  0    0  0    0  0    0  0    0  0    0  0    0
  0    0  0    0  0    0  0    0  0    0  0    0  0    0  0    0
  0    0  0    0  0    0  0    0  0    0  0    0  0    0  0    0
  0    0  0    0  0    0  0    0  0    0  0    0  0    0  0    0
  0    0  0    0  0    0  0    0  0    0  0    0  0    0  0    0
  0    0  0    0  0    0  0    0  0    0  0    0  0    0  0    0
  0    0  0    0  0    0  0    0  0    0  0    0  0    0  0    0
  0    0  0    0  0    0  0    0  0    0  0    0  0    0  0    0
  0    0  0    0  0    0  0    0  0    0  0    0  0    0  0    0
  0    0  0    0  0    0  0    0  0    0  0    0  0    0  0    0
  0    0  0    0  0    0  0    0  0    0  0    0  0    0  0    0
  0    0  0    0  0    0  0    0  0    0  0    0  0    0  0    0
  0    0  0    0  0    0  0    0  0    0  0    0  0    0  0    0
  0    0  0    0  0    0  0    0  0    0  0    0  0    0  0    0
  0    0  0    0  0    0  0    0  0    0  0    0  0    0  0    0
  0    0  0    0  0    0  0    0  0    0  0    0  0    0  0    0
  0    0  0    0  0    0  0    0  0    0  0    0  0    0  0    0
  0    0  0    0  8 5231 21    3  6 5970  5  194  8 5051  0    0
  0    0  0    0  0    0  0    0  0    0  0    0  0    0  0    0
  0    0  0    0  0    0  0    0  0    0  0    0  0    0  0    0
  0    0  0    0  0    0  0    0  0    0  0    0  0    0  0    0
  0    0  0    0  0    0  0    0  0    0  0    0  0    0  0    0
  0    0  0    0  0    0  0    0  0    0  0    0  0    0  0    0
  0    0  0    0  0    0  0    0  0    0  0    0  0    0  0    0
  0    0  0    0  0    0  0    0  0    0  0    0  0    0  0    0
  0    0  0    0  0    0  0    0  0    0  0    0  0    0  0    0
  0    0  0    0  0    0  0    0  0    0  0    0  0    0  0    0
  0    0  0    0  0    0  0    0  0    0  0    0  0    0  0    0
  0    0  0    0  0    0  0    0  0    0  0    0  0    0  0    0
  0    0  0    0  0    0  0    0  0    0  0    0  0    0  0    0
  0    0  0    0  0    0  0    0  0    0  0    0  0    0  0    0
  0    0  0    0  0    0  0    0  0    0  0    0  0    0  0    0
  0    0  0    0  0    0  0    0  0    0  0    0  0    0  0    0
  0    0  0    0  0    0  0    0  0    0  0    0  0    0  0    0
  0    0  0    0  0    0  0    0  0    0  0    0  0    0  0    0
  0    0  0    0  0    0  0    0  0    0  0    0  0    0  0    0
  0    0  0    0  0    0  0    0  0    0  0    0  0    0  0    0
  0    0  0    0  0    0  0    0  0    0  0    0  0    0  0    0
  0    0  0    0  0    0  0    0  0    0  0    0  0    0  0    0
  0    0  0    0  0    0  0    0  0    0  0    0  0    0  0    0
  0    0  0    0  0    0  0    0  0    0  0    0  0    0  0    0
  0    0  0    0  0    0  0    0  0    0  0    0  0    0  0    0
  0    0  0    0  0    0  0    0  0    0  0    0  0    0  0    0
  0    0  0    0  0    0  0    0  0    0  0    0  0    0  0    0
  0    0  0    0  0    0  0    0  0    0  0    0  0    0  0    0
  0    0  0    0  0    0  0    0  0    0  0    0  0    0  0    0
  0    0  0    0  0    0  0    0  0    0  0    0  0    0  0    0
  0    0  0    0  0    0  0    0  0    0  0    0  0    0  0    0
  0    0  0    0  0    0  0    0  0    0  0    0  0    0  0    0
  0    0  0    0  0    0  0    0  0    0  0    0  0    0  0    0
  0    0  0    0  0    0  0    0  0    0  0    0  0    0  0    0
  0    0  0    0  0    0  0    0  0    0  0    0  0    0  0    0
  0    0  0    0  0    0  0    0  0    0  0    0  0    0  0    0
  0    0  0    0  0    0  0    0  0    0  0    0  0    0  0    0
  0    0  0    0  0    0  0    0  0    0  0    0  0    0  0    0
  0    0  0    0  0    0  0    0  0    0  0    0  0    0  0    0
  0    0  0    0  0    0  0    0  0    0  0    0  0    0  0    0
  0    0  0    0  0    0  0    0  0    0  0    0  0    0  0    0
  0    0  0    0  0    0  0    0  0    0  0    0  0    0  0    0
  0    0  0    0  0    0  0    0  0    0  0    0  0    0  0    0
  0    0  0    0  0    0  0    0  0    0  0    0  0    0  0    0
  0    0  0    0  0    0  0    0  0    0  0    0  0    0  0    0
  0    0  0    0  0    0  0    0  0    0  0    0  0    0  0    0
  0    0  0    0  0    0  0    0  0    0  0    0  0    0  0    0
  0    0  0    0  0    0  0    0  0    0  0    0  0    0  0    0
  0    0  0    0  0    0  0    0  0    0  0    0  0    0  0    0
  0    0  0    0  0    0  0    0  0    0  0    0  0    0  0    0
  0    0  0    0  0    0  0    0  0    0  0    0  0    0  0    0
  0    0  0    0  0    0  0    0  0    0  0    0  0    0  0    0
  0    0  0    0  0    0  0    0  0    0  0    0  0    0  0    0
  0    0  0    0  0    0  0    0  0    0  0    0  0    0  0    0
  0    0  0    0  0    0  0    0  0    0  0    0  0    0  0    0
  0    0  0    0  0    0  0    0  0    0  0    0  0    0  0    0
  0    0  0    0  0    0  0    0  0    0  0    0  0    0  0    0
  0    0  0    0  0    0  0    0  0    0  0    0  0    0  0    0
  0    0  0    0  0    0  0    0  0    0  0    0  0    0  0    0
  0    0  0    0  0    0  0    0  0    0  0    0  0    0  0    0
  0    0  0    0  0    0  0    0  0    0  0    0  0    0  0    0
  0    0  0    0  0    0  0    0  0    0  0    0  0    0  0    0
  0    0  0    0  0    0  0    0  0    0  0    0  0    0  0    0
  0    0  0    0  0    0  0    0  0    0  0    0  0    0  0    0
  0    0  0    0  0    0  0    0  0    0  0    0  0    0  0    0
  0    0  0    0  0    0  0    0  0    0  0    0  0    0  0    0
  0    0  0    0  0    0  0    0  0    0  0    0  0    0  0    0
  0    0  0    0  0    0  0    0  0    0  0    0  0    0  0    0
  0    0  0    0  0    0  0    0  0    0  0    0  0    0  0    0
  0    0  0    0  0    0  0    0  0    0  0    0  0    0  0    0
  0    0  0    0  0    0  7 7726  4  194  8 2007  4  136  7 7730
  4 2083  8 2007  4 2084  8 2007 31   25  0    0 12 3392 18 2403
 23 6437  1 7735  1 7489  0    0  0    0  0   32 12 3392 17 3430
 19 2418  1 7743  1 6722  0    0 24 6256 22 3345 12 3392 16 6454
 16 7075  1 7751  1   65  0    0 24 6256 22 3346 12 3392 17 6510
 17 6689  1 7756  1   65  0    0  0    0 12 3392 12 3392 27 6265
  0    0  1 7756  1   66  0    0  0    0 12 3392 12 3392 22 7158
 18 7205  1 7748  1   66  0    0  0    0 12 3392 12 3392 18 3233
 27 6953  1 7748  1   66  0    0  0    0 12 3392 12 3392 25 6516
 23 7337  1 7748  1   66  0    0  8 7322  0    0 12 3136 16 6323
  0    0  2 7994  1 7233  0    0  0    0 12 3392 12 3392 16 6953
 19 7077  2 3845  1   66  0    0  4 7107  0    0 12 3136 16 7331
 26 2158  1 7815  1 7233  0    0  7 7683  0    0  0   32 17 6693
 17 6899  2 7941  1   65  0    0 24 6260 25 2663 12 3136 17 7155
  0    0  1 7828  1 7233  0    0  4 7744  0    0 12 3392 18 2663
 20 7475  2 3847  1   65  0    0  8 7855  0    0 12 3136 18 7092
 20 6514  2 7995  1 7489  0    0  4 7080  0    0 12 3136 18 7728
  0    0  2 7996  1 7233  0    0  8 7920  0    0 12 3392 19 3237
 18 7215  2 3848  1   65  0    0  0    0  4 3392  2 3392 20 7091
 26 3241  1 7900  1   66  0    0  4 8017  0    0 12 3136 22 2944
  0    0  2 7997  1 7233  0    0  0    0 12 3392  2 3136 22 3063
 17 3061  1 7887  1 7490  0    0  0    0  4 3392  2 3392 23 7540
 25 7474  1 7900  1   66  0    0 24 6259 26 3241  0   32 24 3237
 19 2680  2 3851  1   65  0    0  8 7911  0    0 12 3392 24 3438
 17 6656  2 3846  1   65  0    0  0    0 12 3392  2 3136 25 2158
 19 6464  1 7919  1 7490  0    0  4 7080  0    0 12 3392 25 2401
 18 2418  2 3854  1   65 25 6253 18 6953  2 3852  4   80  0    0
  4 8030  0    0 12 3392 25 6369 22 2404  2 3853  1   65  0    0
  8 7281  0    0 12 3136 25 6759 23    0  2 7998  1 7489  0    0
 24 6260 25 2663 12 3136 25 6766  0    0  1 7952  1 7233  0    0
  8 7396  0    0 12 3136 25 7282 26    0  1 7963  1 7233 25 7471
 24    0  2 7944  4   80 27 6249 26    0  2 7960  4   80  0    0
  8 7474  0    0 12 2624 17 6693 17 6882  2 7938  1 6721  0    0
  1 7103  0    0 12 3392 17 6693 17 6889  2 7939  1 7489  0    0
  5 7077  0    0 12 3136 17 6693 17 6898  2 7940  1 7233  1 7233
  8 8000  0    0  8 1024  3 2048  4  128  0    4  0    0  0    3
  4  209  2 8002  7 8015  4  207  2 8003  7 8015  8 8124  4 6090
  7 8020  2 8007  7 2410  8  688  4  170  7 8023  8  688  4 2379
  5 8001  4 8004  5  170  4 8005 11 3018  8 3019  4 8001  5 2379
  4 8006  5  170  8 2380  0  178 20    2  6 5911  7 2288  4  188
  5   35 11 1574  8 1616  4 5952  5   35  8 2086  0    0  0    0
  5  182  4  180  5 8046  8 3377  4  183  2  184  7  627  8 3405
  2  180  5 8047  4 8046  2 8047  0  222 25 8115  0 8047 20    0
  9 8066  8 8097 20    3  6 5970  2 5986  7 8071  8 8097 20    2
  6 5891  5 6090  0 6090 20 6237  7 8078  8 8097  4 8005  2  180
  5  180  0 8047 20    0  0  180 21    0  0 8047 20    1  0  180
 21    1  0 8047 20    2  0  180 21    2  0 8047 20    3  0  180
 21    3  4 8005  2 8047  5 8047  8 8058  0  180 20    0  5 8112
 20    1  5 8113 11  435  8  436  0 8110  8 3405  0   11  0    7
  0    0  0    0 16    0  0 3367 24    1  0 3173 24    1  4 5921
  5  222  4  180  5 8046  8 4338  4  134  7  688  4  132  7  688
  8 8015  2 6052  7 8117  4 8005  8 8056  4  160  5  156  5 3008
  8 2999 21    4 20    5  5  156  8 3179  4 8007  1  184  2  183
  7 8146  8 5231  4 5921 11 2944  8 2945  8 5231 21    3  6 5970
  5  194  8 5051 15 2048 21    0  1 8175  5 8175 10 8174  8 8148
 15 2048 15 2048 15 2048  2 8175  7 8167 15 6144  8 8165 15 2048
 15 2048 15 2048  2 8176  7   10  8 8165  0  128  0 8136 21  617
  7  281  8 8135  0  128  0    0  9 4915  9 4915  9 4915  9 4915
  9 4915  9 4915  9 4915  9 4915  9 4915  9 4915  9 4915  9 4915