
((X3, 1/1/71)

^8
(8)      4    419
(9)      5    517
(10)     4    420
(11)     5    518
(12)     4    421
(13)     5    519
(14)     7    ;+2
(15)     8    416
(16)     10   518
(17)     4    519
(18)     7    ;+2
(19)     8    416
(20)     10   518
(21)     4    422
(22)     7    416
(23)     10   518
(24)     4    423
(25)     7    416
(26)     10   518
(27)     4    421
(28)     9    416
(29)     10   518
(30)     4    422
(31)     9    ;+2
(32)     8    416
(33)     10   518
(34)     4    421
(35)     1    421
(36)     7    ;+2
(37)     8    416
(38)     10   518
(39)     4    422
(40)     1    420
(41)     7    ;+2
(42)     8    416
(43)     10   518
(44)     4    420
(45)     1    422
(46)     7    ;+2
(47)     8    416
(48)     10   518
(49)     4    424
(50)     1    425
(51)     9    ;+2
(52)     8    416
(53)     1    420
(54)     7    ;+2
(55)     8    416
(56)     10   518
(57)     4    425
(58)     1    424
(59)     9    ;+2
(60)     8    416
(61)     1    420
(62)     7    ;+2
(63)     8    416
(64)     10   518
(65)     4    424
(66)     1    424
(67)     1    424
(68)     9    ;+2
(69)     8    416
(70)     1    423
(71)     7    ;+2
(72)     8    416
(73)     10   518
(74)     4    425
(75)     1    425
(76)     1    425
(77)     9    ;+2
(78)     8    416
(79)     1    420
(80)     7    ;+2
(81)     8    416
(82)     10   518
(83)     4    421
(84)     2    421
(85)     7    ;+2
(86)     8    416
(87)     10   518
(88)     4    422
(89)     2    422
(90)     7    ;+2
(91)     8    416
(92)     10   518
(93)     4    421
(94)     2    422
(95)     9    ;+2
(96)     8    416
(97)     1    420
(98)     7    ;+2
(99)     8    416
(100)    10   518
(101)    4    422
(102)    2    421
(103)    9    416
(104)    1    422
(105)    7    ;+2
(106)    8    416
(107)    10   518
(108)    4    421
(109)    6    422
(110)    7    ;+2
(111)    8    416
(112)    10   518
(113)    4    422
(114)    6    421
(115)    7    ;+2
(116)    8    416
(117)    10   518
(118)    4    422
(119)    6    422
(120)    9    ;+2
(121)    8    416
(122)    1    420
(123)    7    ;+2
(124)    8    416
(125)    10   518
(126)    4    426
(127)    6    427
(128)    2    428
(129)    7    ;+2
(130)    8    416
(131)    10   518
(132)    4    422
(133)    5    519
(134)    10   519
(135)    4    519
(136)    7    520
(137)    4    451
(138)    5    518
(139)    8    416
(140)    0    429
(141)    4    1
(142)    2    429
(143)    7    ;+2
(144)    8    416
(145)    10   518
(146)    11   519
(147)    4    519
(148)    6    430
(149)    2    431
(150)    7    ;+2
(151)    8    416
(152)    10   518
(153)    0    424
(154)    3    519
(155)    4    519
(156)    2    425
(157)    7    ;+2
(158)    8    416
(159)    10   518
(160)    0    424
(161)    4    420
(162)    14   0
(163)    2    420
(164)    7    ;+2
(165)    8    416
(166)    10   518
(167)    0    425
(168)    4    425
(169)    14   1
(170)    3    519
(171)    2    424
(172)    7    ;+2
(173)    8    416
(174)    10   518
(175)    4    519
(176)    2    425
(177)    7    ;+2
(178)    8    416
(179)    10   518
(180)    0    425
(181)    4    425
(182)    14   8191
(183)    3    519
(184)    2    432
(185)    7    ;+2
(186)    8    416
(187)    4    519
(188)    2    425
(189)    7    ;+2
(190)    8    416
(191)    10   518
(192)    0    424
(193)    4    424
(194)    14   1
(195)    3    519
(196)    2    425
(197)    7    ;+2
(198)    8    416
(199)    10   518
(200)    4    519
(201)    2    432
(202)    7    ;+2
(203)    8    416
(204)    10   518
(205)    0    424
(206)    4    424
(207)    14   8191
(208)    3    519
(209)    2    433
(210)    7    ;+2
(211)    8    416
(212)    10   518
(213)    4    519
(214)    2    432
(215)    7    ;+2
(216)    8    416
(217)    10   518
(218)    0    423
(219)    4    421
(220)    14   2
(221)    3    519
(222)    4    519
(223)    2    434
(224)    7    ;+2
(225)    8    416
(226)    10   518
(227)    0    423
(228)    4    421
(229)    14   4
(230)    3    519
(231)    4    519
(232)    2    435
(233)    7    ;+2
(234)    8    416
(235)    10   518
(236)    0    423
(237)    4    421
(238)    14   8
(239)    3    519
(240)    4    519
(241)    2    436
(242)    7    ;+2
(243)    8    416
(244)    10   518
(245)    0    423
(246)    4    421
(247)    14   16
(248)    3    519
(249)    4    519
(250)    2    437
(251)    7    ;+2
(252)    8    416
(253)    10   518
(254)    0    423
(255)    4    421
(256)    14   32
(257)    2    438
(258)    7    ;+2
(259)    8    416
(260)    10   518
(261)    0    439
(262)    4    421
(263)    14   8190
(264)    3    519
(265)    4    519
(266)    2    420
(267)    7    ;+2
(268)    8    416
(269)    10   518
(270)    0    440
(271)    4    421
(272)    14   8188
(273)    3    519
(274)    4    519
(275)    2    420
(276)    7    ;+2
(277)    8    416
(278)    10   518
(279)    0    441
(280)    4    421
(281)    14   8184
(282)    3    519
(283)    4    519
(284)    2    420
(285)    7    ;+2
(286)    8    416
(287)    10   518
(288)    0    442
(289)    4    421
(290)    14   8176
(291)    3    519
(292)    4    519
(293)    2    420
(294)    7    ;+2
(295)    8    416
(296)    10   518
(297)    0    421
(298)    4    438
(299)    14   8160
(300)    3    519
(301)    4    519
(302)    2    420
(303)    7    ;+2
(304)    8    416
(305)    10   518
(306)    0    420
(307)    4    421
(308)    14   35
(309)    9    ;+2
(310)    8    416
(311)    2    442
(312)    7    388
(313)    8    416
(314)    10   518
(315)    4    443
(316)    12   443
(317)    5    519
(318)    14   18
(319)    2    444
(320)    7    ;+2
(321)    8    416
(322)    10   518
(323)    4    519
(324)    2    445
(325)    7    ;+2
(326)    8    416
(327)    10   518
(328)    4    443
(329)    12   423
(330)    5    519
(331)    14   18
(332)    2    446
(333)    7    ;+2
(334)    8    416
(335)    10   518
(336)    4    519
(337)    2    447
(338)    7    ;+2
(339)    8    416
(340)    10   518
(341)    4    443
(342)    12   443
(343)    13   443
(344)    5    519
(345)    14   18
(346)    2    448
(347)    7    ;+2
(348)    8    416
(349)    10   518
(350)    4    519
(351)    2    443
(352)    7    ;+2
(353)    8    416
(354)    10   518
(355)    4    443
(356)    12   443
(357)    13   449
(358)    5    519
(359)    14   18
(360)    2    450
(361)    7    ;+2
(362)    8    416
(363)    10   518
(364)    4    519
(365)    2    449
(366)    7    ;+2
(367)    8    416
(368)    10   518
(369)    4    443
(370)    12   423
(371)    13   423
(372)    2    443
(373)    7    ;+2
(374)    8    416
(375)    10   518
(376)    4    443
(377)    12   423
(378)    13   443
(379)    2    420
(380)    7    ;+2
(381)    8    416
(382)    10   518
(383)    0    423
(384)    /4   423
(385)    2    425
(386)    7    526
(387)    8    416
(388)    10   518
(389)    4    442
(390)    14   8157
(391)    5    519
(392)    14   18
(393)    1    420
(394)    7    ;+2
(395)    8    416
(396)    10   518
(397)    4    519
(398)    1    420
(399)    7    314
(400)    8    56
(401)    10   517
(402)    4    517
(403)    9    10
(404)    4    421
(405)    15   2048
(406)    7    8
(407)    0    452
(408)    /4   517
(409)    15   6144
(410)    14   8184
(411)    15   6144
(412)    10   1
(413)    4    1
(414)    9    ;-6
(415)    8    8181
(416)    4    518
(417)    15   6144
(418)    8    ;-1
(419)    /15  8042
(420)    0    1

^422
(422)    /15  8191
(423)    0    2
(424)    /5   2730
(425)    10   5461
(426)    0    511
(427)    1    7711
(428)    0    31
(429)    0    2730
(430)    0    8191
(431)    0    147
(432)    5    2730
(433)    /10  5461
(434)    0    4
(435)    0    16
(436)    0    256
(437)    8    0
(438)    4    0
(439)    0    8
(440)    0    32
(441)    0    512
(442)    /0   0
(443)    /6   3277
(444)    /5   6227
(445)    5    6225
(446)    /9   4917
(447)    /15  8190
(448)    /6   3276
(449)    9    4915
(450)    9    4914
(451)    0    22
(452)    /15  8128
(453)    0    2559
(454)    0    2313
(455)    0    1
(456)    1    7936
(457)    4    64
(458)    4    128
(459)    1    8000

^461
(461)    0    767
(462)    0    4
(463)    0    4104
(464)    2    32
(465)    0    255
(466)    1    7168
(467)    4    322
(468)    4    385

^470
(470)    0    257
(471)    0    511
(472)    0    1
(473)    4    256
(474)    7    8065
(475)    4    385

^477
(477)    2    572
(478)    4    385
(479)    2    641
(480)    0    60
(481)    7    7936
(482)    0    1026
(483)    0    2048
(484)    1    16
(485)    7    8000

^491
(491)    0    257
(492)    0    511
(493)    0    1
(494)    7    7936
(495)    4    2441
(496)    4    393

^498
(498)    4    4684
(499)    4    4497
(500)    3    657

^502
(502)    0    257
(503)    0    511
(504)    0    1

^509
(509)    1    7168
(510)    4    322
(511)    4    385
(512)    1    7234

^514
(514)    0    2303
(515)    1    532
(516)    4    65

^520
(520)    10   518
(521)    8    140

^526
(526)    0    421
(527)    10   518
(528)    14   18
(529)    7    ;+2
(530)    8    416
(531)    10   518
(532)    0    421
(533)    4    422
(534)    14   18
(535)    7    ;+2
(536)    8    416
(537)    10   518
(538)    0    421
(539)    4    422
(540)    1    424
(541)    14   18
(542)    7    ;+2
(543)    8    416
(544)    10   518
(545)    0    421
(546)    4    422
(547)    3    519
(548)    14   18
(549)    7    ;+2
(550)    8    416
(551)    10   518
(552)    0    421
(553)    4    422
(554)    5    519
(555)    14   18
(556)    7    ;+2
(557)    8    416
(558)    10   518
(559)    0    421
(560)    4    422
(561)    6    425
(562)    14   18
(563)    7    ;+2
(564)    8    416
(565)    10   518
(566)    0    421
(567)    4    422
(568)    8    ;+2

^570
(570)    14   18
(571)    7    ;+2
(572)    8    416
(573)    10   518
(574)    4    522
(575)    5    523
(576)    10   522
(577)    4    523
(578)    1    420
(579)    5    523
(580)    2    522
(581)    7    401
(582)    8    416
<! Halt !>