

&
+8
*
8 549,
8 220,
+0
+0
+0
4 129,
5 144,
4 130,
5 281,
8 163,
+0
+0
7 217,
8 223,
0 158,
/4 0
5 131,
6 152,
1 156,
7 27,
1 156,
7 43,
1 216,
7 59,
1 156,
7 78,
8 217,
4 131,
6 484,
5 1
/4 0
9 37,
4 144,
9 217,
4 129,
9 223,
8 217,
4 144,
9 40,
8 217,
4 129,
9 217,
8 223,
4 131,
6 484,
5 1
/4 0
9 54,
4 144,
9 51,
8 217,
4 129,
9 223,
8 217,
4 144,
9 217,
4 129,
9 217,
8 223,
4 131,
6 484,
5 1
/4 0
9 65,
8 66,
2 560,
5 132,
4 144,
9 70,
8 71,
2 560,
5 131,
9 223,
4 132,
9 217,
2 131,
9 217,
8 223,
4 131,
14 5
9 217,
4 131,
2 145,
5 89,
0 281,
14 1
4 7
5 1
4 129,
+0
3 132,
2 144,
7 94,
8 223,
4 132,
2 281,
8 12,
+0
+0
+0
+0
+0
+0
+0
+0
+0
+0
+0
+0
+0
+0
+0
+0
+0
+0
+0
+0
+0
+0
+0
+0
+0
+0
+0
+0
+0
+0
+0
+0
+0
+0
+0
+0
-30
-27
-24
-21
-18
-15
-12
-9
-6
-3
-10
+0
-24576
-32768
-2048
-57344
-16384
+8
+16
+122880
+6144
+86
+95
-8192
+30
+0
5 6
4 560,
5 129,
5 130,
0 130,
14 1
4 129,
15 7168
5 129,
3 130,
4 6
6 484,
5 6
4 143,
5 131,
0 131,
/4 143,
5 132,
0 132,
/4 129,
7 202,
6 484,
2 158,
7 288,
10 131,
4 131,
8 372,
0 132,
/4 129,
6 282,
7 202,
8 248,
0 158,
/4 0
6 152,
7 14,
0 131,
/8 1
11 131,
8 260,
11 314,
8 315,
8 14,
4 98,
6 152,
7 257,
1 156,
7 197,
1 156,
7 267,
1 149,
7 278,
1 146,
7 14,
15 6144
8 213,
+0
-90112
4 6
2 158,
7 283,
4 6
5 158,
8 5,
4 98,
6 153,
7 217,
1 147,
7 231,
1 147,
7 245,
8 213,
4 133,
5 132,
4 576,
8 369,
4 155,
15 6144
4 154,
15 6144
4 158,
11 441,
8 442,
4 132,
7 243,
8 217,
4 560,
5 132,
8 233,
4 98,
5 132,
4 575,
5 98,
11 314,
8 315,
4 132,
5 98,
8 256,
11 314,
8 315,
8 14,
4 6
2 158,
1 583,
7 14,
1 583,
7 191,
8 195,
0 158,
/4 0
6 152,
1 148,
7 275,
1 149,
7 275,
8 14,
11 314,
8 315,
8 14,
11 131,
8 260,
8 267,
+0
/0 0
4 576,
15 6144
4 157,
15 6144
8 287,
/4 130,
5 565,
/4 131,
8 552,
/4 129,
6 152,
7 302,
1 156,
7 305,
1 156,
7 308,
1 149,
7 311,
8 213,
11 390,
8 391,
8 186,
11 390,
8 507,
8 186,
11 390,
8 430,
8 186,
11 390,
8 486,
8 186,
+0
4 576,
8 366,
4 98,
6 583,
7 321,
8 337,
4 98,
6 561,
7 325,
8 348,
4 98,
6 568,
7 329,
8 360,
4 98,
6 150,
7 333,
8 354,
4 98,
6 151,
7 383,
8 376,
4 158,
11 441,
8 442,
4 374,
15 6144
4 6
11 441,
8 442,
4 374,
15 6144
8 321,
4 129,
11 441,
8 442,
4 344,
15 6144
8 325,
4 7
11 441,
8 442,
4 374,
15 6144
8 333,
4 130,
11 441,
8 442,
4 374,
15 6144
8 329,
15 6144
15 6144
8 317,
15 6144
15 6144
8 235,
9 174,
8 202,
+20
+0
4 385,
5 502,
4 158,
5 565,
8 488,
4 386,
5 502,
0 314,
/8 1
8 381,
4 564,
7 430,
0 390,
/8 1
+0
4 573,
5 531,
11 419,
8 420,
0 565,
/4 0
14 8175
3 584,
9 417,
8 405,
4 560,
0 584,
14 2
3 584,
5 562,
0 562,
/4 585,
15 6144
10 531,
4 531,
9 401,
4 564,
2 565,
7 388,
10 565,
8 391,
4 583,
8 405,
+0
4 576,
15 6144
4 565,
11 441,
8 442,
4 577,
15 6144
15 6144
0 419,
/8 1
11 419,
8 420,
0 565,
/4 0
11 441,
8 442,
4 564,
2 565,
7 388,
10 565,
8 430,
+0
9 457,
5 562,
4 577,
15 6144
4 560,
5 571,
5 584,
5 595,
0 571,
/4 578,
2 562,
9 461,
5 562,
10 584,
8 451,
2 560,
5 562,
4 483,
8 445,
10 571,
4 595,
7 474,
0 584,
/4 585,
15 6144
4 560,
5 584,
4 571,
2 570,
7 478,
8 450,
+0
4 584,
7 469,
10 595,
8 464,
4 595,
10 595,
7 464,
0 441,
/8 1
+46
+8191
+98
11 419,
8 420,
0 565,
/4 0
9 540,
8 597,
11 441,
8 446,
4 577,
15 6144
0 565,
/4 0
6 484,
5 562,
11 441,
8 446,
4 564,
2 565,
7 388,
10 565,
8 486,
11 419,
8 420,
4 570,
2 560,
5 562,
0 565,
/4 0
9 545,
5 595,
4 596,
15 6144
4 575,
15 6144
4 595,
12 582,
3 595,
5 584,
0 584,
/4 585,
15 6144
10 562,
4 562,
7 534,
8 520,
+0
+0
+0
4 564,
2 565,
7 388,
10 565,
8 507,
+0
5 595,
4 567,
15 6144
4 595,
8 597,
2 560,
5 595,
4 483,
8 517,
4 97,
5 158,
8 159,
7 555,
5 564,
8 292,
/4 130
8 553,
+0
+0
+0
+0
+2
+0
+29
+0
+0
+125
+15
+4
+3
+6
+0
+34
-18
+0
+63
+18
+144
+100000
+10000
+1000
+100
+10
+1
+0
+48
+33
+34
+51
+36
+53
+54
+39
+40
+57
+0
+45
14 8179
6 567,
5 562,
8 492,
)
<! Halt !><! Halt !><! Halt !><! Halt !><! Halt !><! Halt !><! Halt !><! Halt !><! Halt !><! Halt !>