<! Legible Header  OOO    OOO   OOOOO       OOOOO   OOO           O   OOOO   OOOOO  O       OOO     OO    OOO   OOOOO   OOO   OOOO   O      OOOOO   O          OOOOO   OOO    OOO   O   O  OOOOO         O  !>
<! Legible Header O   O  O   O     O        OOOOO  O   O         O    OOOOO  O      O      O   O   O  O  O   O  OOOOO  O   O  O   O  O      O        O           O    O   O  O   O  O   O  O           OOO  !>
<! Legible Header O   O  O   O    O           O        O        O     O   O  O      O      O   O  O      O   O    O    O   O  O   O  O      O         O          O    OO     OO     O   O  O           OOO  !>
<! Legible Header  OOOO  O   O    OO          O      OOO        O     OOOOO  OOOO   O      O   O  O      OOOOO    O    OOOOO  OOOO   O      OOOO      O          O     OO     OO    O   O  OOOO          O  !>
<! Legible Header     O  O   O                O                       OO     O      O      O   O         O   O    O    O   O  O   O  O      O                    O                  O   O  O             O  !>
<! Legible Header     O  O   O      O         O    OO           O     O O    O      O      O   O  O               O           O   O  O      O         O          O       O      O   O   O  O             O  !>
<! Legible Header OOOOO  O   O      O         O    O             O    O  O   O      OOOOO  O   O   O     O   O    O    O   O  OOOOO  OOOOO  O        O           O    O   O  O   O  OOOOO  O             O  !>
<! Legible Header OOOO    OOO   OOOO          O    OOOOO          O   O   O  OOOOO  OOOOO   OOO     OOO  O   O    O    O   O  OOOOO  OOOOO  OOOOO   O          OOOOO  OOOO   OOOO   OOOOO  OOOOO         O  !>

8 3;
8 160;
8 104;
4 294;
+124928
6 295;
7 4;
5 334;
2 324;
7 4;
1 332;
7 4;
1 312;
7 4;
4 334;
2 308;
7 24;
1 317;
7 271;
1 300;
7 259;
4 295;
+129024
8 22;
5 338;
4 330;
5 333;
+124928
6 295;
7 27;
2 324;
7 37;
1 332;
7 27;
1 312;
7 27;
8 21;
+124928
6 295;
7 37;
5 334;
2 313;
7 264;
1 309;
7 264;
1 297;
7 107;
1 297;
7 52;
1 303;
7 37;
8 21;
11 61;
8 62;
0 333;
4 335;
-90112
8 59;
+0
10 333;
8 37;
8 240;
5 339;
5 335;
+124928
6 295;
7 64;
5 334;
2 324;
7 98;
1 332;
7 64;
1 312;
7 64;
2 315;
7 98;
2 304;
7 99;
2 306;
7 99;
1 307;
7 98;
2 310;
9 21;
2 299;
9 21;
0 294;
+122879
1 335;
+122878
1 335;
3 343;
5 344;
+114691
5 335;
10 339;
0 61;
8 64;
-65535
10 337;
4 335;
5 336;
4 294;
8 63;
8 107;
+0
+0
10 338;
0 338;
/4 346;
5 333;
8 160;
11 61;
8 62;
0 339;
/4 323;
5 341;
4 339;
2 301;
7 143;
9 21;
4 294;
5 343;
/4 316;
2 335;
9 146;
5 335;
0 343;
+114689
4 335;
+114689
13 341;
+122879
5 335;
0 339;
/4 316;
0 294;
+114689
13 341;
+122879
6 316;
1 335;
8 152;
4 344;
5 335;
8 123;
0 343;
+114689
4 335;
+114689
13 341;
+122879
5 335;
4 340;
7 249;
4 335;
2 294;
0 333;
-90112
10 333;
4 294;
5 335;
5 339;
5 341;
5 337;
+124928
6 295;
5 334;
2 323;
9 202;
2 299;
9 202;
11 61;
8 86;
4 339;
2 298;
9 21;
4 341;
7 180;
4 296;
1 335;
0 294;
+114701
5 342;
4 294;
11 61;
8 62;
4 339;
7 21;
4 337;
7 200;
4 335;
7 198;
0 335;
/4 346;
1 336;
1 342;
8 157;
0 338;
8 194;
4 335;
8 196;
4 334;
7 165;
2 324;
7 165;
1 332;
7 165;
1 312;
7 165;
2 302;
7 265;
2 309;
7 265;
1 297;
7 104;
1 297;
7 251;
1 298;
7 227;
1 298;
7 253;
1 305;
7 253;
1 311;
7 225;
8 21;
5 340;
10 340;
+124928
6 295;
7 229;
5 334;
2 295;
7 229;
2 314;
7 112;
4 334;
2 323;
11 61;
8 83;
4 339;
2 301;
9 21;
4 335;
+122877
2 344;
7 291;
8 21;
4 335;
8 157;
5 340;
8 229;
5 341;
10 341;
5 337;
11 61;
8 62;
8 174;
4 294;
+124928
7 3;
+129024
8 259;
5 333;
8 268;
+0
+0
4 338;
5 346;
8 269;
5 337;
11 61;
8 62;
4 337;
7 283;
4 335;
5 338;
0 335;
/4 346;
1 336;
5 333;
8 160;
4 335;
5 333;
10 346;
0 346;
/5 346;
4 346;
5 338;
8 160;
4 337;
7 153;
8 21;
+0
+127
+16
+1
+2
+9
+18
+6
+107
+84
+27
+19
+15
+35
+38
+21
+48
+26
+114
+20
+81
+95
+131071
+5
+50
+500
+5000
+50000
+62500
+57
+10
+100
+1000
+10000
+100000
+125000
0 347;
0 7740
0 3
0 57
0 20
+0
0 21
+0
0 1
+0
+0
+0
8 0
8 0
0 967
+0
0 1
0 55
+0
+0
+0
+0
+0
+0
+0
+0
+0
+0
+0
+0
+0
+0
+0
+0
+0
+0
+0
+0
+0
+0
+0
+0
+0
+0
+0
+0
+0
+0
+0
+0
+0
+0
+0
+0
+0
+0
+0
+0
+0
+0
+0
+0
+0
+0
<! Halt !>