





'DRAWN FOR JASMIN ON ANDREW'Q@S ELLIOTT 903@ 200 500 1.75 0 200





3  0  105  105
2  0.1  3  1
5  4.33  2.5  8.66  7.5  8.66
5  2  10  4.33
5  3  7.5  0
5  2  2.5  0
5  3  0  4.33
5  2  2.5  8.66
2  0.1  3  1
5  4.33  7.5  8.66  2.5  8.66
5  3  10  4.33
5  2  7.5  0
5  3  2.5  0
5  2  0  4.33
5  3  2.5  8.66
3  20  10  10
0







 {DRAWN FOR JASMIN ON ANDREW{Q}S ELLIOTT 903} 200 250 2.0125 -1000 200


3   0   100   100
6   0.0334   4   1
4.5   10.392
6   7.794
4.5   5.196
3   7.794
7   7
6   0.0334   4   1
0   7.794
3   7.794
4.5   5.196
1.5   5.196
7   7
6   0.0334   4   1
1.5   5.196
4.5   5.196
3   2.598
0   2.598
7   7
6   0.0334   4   1
4.5   5.196
6   2.598
4.5   0
3   2.598
7   7
6   0.0344   4   1
4.5   5.196
7.5   5.196
9   2.598
6   2.598
7   7
6   0.0334   4   1
6   7.794
9   7.794
7.5   5.196
4.5   5.196
7   7
3   15   10   10
-1





