
( T.22 REVERSE ENGINEERED FROM T22_23: A.J. HERBERT 06-04-2912 )

( trigger at T22+40 to output module 1 )
( trigger at T22+47 to read parameter tape and dump selected region )

[ T22 ]

T22

(0)	+10
	+8045
	+0
	+0
	+0
	+0
	+0
	+0
	+0
	+0
(10) 	4 121;
	5 2;
	4 122;
	15 2048
	15 6144
	7 17;
	8 10;
	10 2;
	4 2;
	9 12;
(20)	4 132;
	5 145;
	4 133;
	5 145;
	8 24;
	+0
	14 8174		(T22_23 output this as 128;)
	4 122;
	14 4
	1 3;
(30)	15 6144
	4 122;
	5 3;
	14 7
	15 6144
	4 122;
	14 7
	15 6144
	0 25;
	/8 1
(40)	4 0;
	5 4;
	4 1;
	5 5;
	4 122;
	5 6;
	8 49;
	4 121;
	8 45;
	4 122;
(50)	5 7;
	5 8;
	4 6;
	10 6;
	7 98;
	9 68;
	4 123;
	15 6144
	4 122;
	15 6144
(60)	15 6144
	4 7;
	11 25;
	8 26;
	4 8;
	11 25;
	8 26;
	8 67;
	5 4;
	5 6;
(70)	4 122;
	5 5;
	15 2048
	1 124;
	7 56;
	1 125;
	7 78;
	8 70;
	4 122;
	15 2048
(80) 	7 78;
	1 126;
	7 78;
	1 127;
	7 78;
	1 128;
	7 96;
	1 129;
	6 130;
	5 9;
(90)	4 5;
	12 129;
	14 17
	1 9;
	5 5;
	8 78;
	4 4;
	9 118;
	4 123;
	5 3;
(90)	4 4;
	1 8;
	5 8;
	4 4;
	11 25;
	8 26;
	0 4;
	/4 0
	1 7;
	5 7;
(100)	/4 0
	11 25;
	8 26;
	4 4;
	2 5;
	7 52;
	10 4;
	8 106;
	4 5;
	5 4;
(110)	8 70;
	-30
	+0
	+128
	-20
	-23
	-141
	-114
	+245
	+10
(120)	+15
	8 10;
	8 40;
END	8 47;

<! halt !>