
( T.23 REVERSE ENGINEERED FROM T22_23: A.J. HERBERT 06-04-2012 )

[ T23 ]

T23

(8135)           4 8179
                15 2048
                 7 8136
                 5 8173
                 6 8178
(8140)           7 8151
                 4 8173
                15 2048
                15 2048
                 7 8160
(8145)           5 8174
                 1 8176
                 5 8176
                 4 8179
                15 2048
(8150)           8 8138
                 0 8174
                 4 8173 
                15 2048
                15 2048
(8155)          /5    0
                 1 8175
                 5 8175
                10 8174
                 8 8148
(8160)          15 2048
                15 2048
                15 2048
                 2 8175
                 7 8167
(8165)          15 6144
                 8 8165
                15 2048
                15 2048
                15 2048
(8170)           2 8176
                 7 8171
                 8 8165
                 +0		( first ch read )  
                 +8 		( last wd read ) 
(8175)           +0 		( checksum ) 
                 +0		( checksum )  
                 8 8135  
                 +128  		( 7 bit mask )
                 +0 

<! halt !> 



































































