OJEC 4574
 QACODL 5740
 QAVNDA 5800
FIRST  NEXT
 4574   5837


 PROJEC


                        PROJECT NETWORK ANALYIS

        PROJECT     EXAMPLE 1
                                             TIME IS IN   MINUTES
        DATE OF RUN     16 12 71
                                         NUMBER OF ACTIVITIES    83
        RUN NUMBER     1
                                               PAGE   1

       EVENT NO     ACT      EARLIEST       LATEST           CRITICAL
      PREC   SUCC   DUR   START  FINISH START  FINISH  FLOAT   PATH

        1      2      7      0      7      0      7      0       *
        1      3      6      0      6      2      8      2
        1     13      9      0      9     18     27     18
        2      4      6      7     13     12     18      5
        2      6     10      7     17      7     17      0       *

        3      5      5      6     11     42     47     36
        3      7     16      6     22      8     24      2
        4      5      9     13     22     38     47     25
        4      9      9     13     22     18     27      5
        4     15     12     13     25     19     31      6

        5     18      4     22     26     47     51     25
        5     30     19     22     41     51     70     29
        6     13     10     17     27     17     27      0       *
        7      8      0     22     22     38     38     16
        7     10     11     22     33     24     35      2

        8     11      8     22     30     38     46     16
        8     12      5     22     27     49     54     27
        8     14      9     22     31     51     60     29
        9     10      8     22     30     27     35      5
       10     11      4     33     37     42     46      9

       10     25     11     33     44     35     46      2
       11     16      6     37     43     46     52      9
       12     17      8     27     35     54     62     27
       13     15      4     27     31     27     31      0       *
       13     19      8     27     35     30     38      3

       14     17      2     31     33     60     62     29
       15     18      5     31     36     46     51     15
       15     20     13     31     44     31     44      0       *
       16     17     10     43     53     52     62      9
       16     23      3     43     46     57     60     14






----------------------------------------------------------------------





                        PROJECT NETWORK ANALYIS

        PROJECT     EXAMPLE 1
                                             TIME IS IN   MINUTES
        DATE OF RUN     16 12 71
                                         NUMBER OF ACTIVITIES    83
        RUN NUMBER     1
                                               PAGE   2

       EVENT NO     ACT      EARLIEST       LATEST           CRITICAL
      PREC   SUCC   DUR   START  FINISH START  FINISH  FLOAT   PATH

       16     35     15     43     58     61     76     18
       17     30      8     53     61     62     70      9
       18     22      6     36     42     51     57     15
       19     20      6     35     41     38     44      3
       19     25      3     35     38     43     46      8

       19     27     25     35     60     38     63      3
       20     21      4     44     48     44     48      0       *
       20     24      7     44     51     53     60      9
       21     24      0     48     48     60     60     12
       21     26      5     48     53     48     53      0       *

       22     23      3     42     45     57     60     15
       22     24      2     42     44     58     60     16
       23     28      1     46     47     64     65     18
       23     30     10     46     56     60     70     14
       23     31      7     46     53     60     67     14

       23     32      8     46     54     62     70     16
       23     33      6     46     52     62     68     16
       24     27      3     51     54     60     63      9
       24     28      1     51     52     64     65     13
       25     26      7     44     51     46     53      2

       26     27     10     53     63     53     63      0       *
       27     29      4     63     67     63     67      0       *
       27     34     10     63     73     65     75      2
       27     39     25     63     88     91    116     28
       28     29      2     52     54     65     67     13

       29     34      8     67     75     67     75      0       *
       30     35      6     61     67     70     76      9
       31     32      2     53     55     68     70     15
       31     35      9     53     62     67     76     14
       32     34      5     55     60     70     75     15

       32     36      8     55     63     71     79     16
       33     34      7     52     59     68     75     16
       34     37      6     75     81     75     81      0       *
       35     38     10     67     77     76     86      9
       36     38      7     63     70     79     86     16






----------------------------------------------------------------------





                        PROJECT NETWORK ANALYIS

        PROJECT     EXAMPLE 1
                                             TIME IS IN   MINUTES
        DATE OF RUN     16 12 71
                                         NUMBER OF ACTIVITIES    83
        RUN NUMBER     1
                                               PAGE   3

       EVENT NO     ACT      EARLIEST       LATEST           CRITICAL
      PREC   SUCC   DUR   START  FINISH START  FINISH  FLOAT   PATH

       37     38      5     81     86     81     86      0       *
       38     40     30     86    116     86    116      0       *
       39     40      0     88     88    116    116     28
       39     49     25     88    113    146    171     58
       40     41     10    116    126    116    126      0       *

       40     42      7    116    123    120    127      4
       40     43      3    116    119    127    130     11
       41     47     21    126    147    126    147      0       *
       42     44      8    123    131    127    135      4
       42     45     12    123    135    131    143      8

       43     48     23    119    142    130    153     11
       44     46     11    131    142    135    146      4
       45     46      3    135    138    143    146      8
       46     47      1    142    143    146    147      4
       47     48      6    147    153    147    153      0       *

       48     49      0    153    153    171    171     18
       48     50     19    153    172    153    172      0       *
       49     50      1    153    154    171    172     18


    NUMBER OF EVENTS =      50
    DURATION OF CRITICAL PATH=    172
    MORE THAN 1 CRITICAL PATH    NO

FINISH

<! Bell !><! Bell !><! Bell !><! Bell !><! Bell !><! Bell !><! Bell !><! Bell !><! Halt !>