

 17758   19846   21735   23472   25090
 14743   16139   17351   18426   19392
 12477   13437   14242   14933   15538
 10735   11412   11963   12425   12819
 09368   09857   10246   10563   10830

 08277   08638   08918   09143   09329
 07391   07663   07870   08034   08167
 06662   06870   07026   07148   07246
 06054   06216   06335   06428   06502
 05541   05668   05762   05833   05890

 05104   05205   05279   05336   05380
 04727   04810   04869   04914   04949
 04400   04468   04516   04552   04580
 04115   04170   04210   04239   04262
 03863   03909   03942   03966   03985

 03640   03679   03706   03726   03742
 03441   03474   03497   03514   03527
 03263   03291   03310   03325   03336
 03102   03126   03143   03155   03165
 02957   02978   02992   03003   03011

 02825   02843   02856   02865   02872
 02705   02721   02732   02740   02746
 02595   02609   02618   02625   02631
 02494   02506   02515   02521   02525
 02402   02412   02420   02425   02429

 02316   02325   02332   02336   02340
 02237   02245   02251   02255   02258
 02163   02171   02176   02179   02182
 02095   02101   02106   02109   02112
 02031   02037   02041   02044   02046

 01972   01977   01981   01983   01985
 01916   01921   01924   01927   01929
 01864   01869   01872   01874   01875
 01815   01819   01822   01824   01825
 01770   01773   01776   01777   01779

 01726   01730   01732   01734   01735
 01686   01689   01691   01692   01693
 01648   01650   01652   01653   01654
 01611   01614   01616   01617   01618
 01577   01580   01581   01582   01583

 01545   01547   01549   01549   01550 J