
(MODULE 0 PATCH, AUG.  1978)
(ASSEMBLE; DUMP; INPUT LAST; DUMP BOTH MODULES WITH)
(THE T22/23 WHICH STARTS AT 10 USING A DATA TAPE +8,+7999,)
(+8200,+16383, HALT)

*+2
SUM=8129
W4=8130
W3=8131
W2=8132
W1=8133
FLAG=8134

^+9
  8  21
  8  4540   (INITIALISE)
  8  8022
  8  8024
  8  8031
  8  8033
 +0
  8  8039
  8  8042
  8  8036
  8  8086
 +0
  4  3955
  8  8123
  4  3956
  8  8123

  8  2523
 +0
 +16370

^+1412
  8  1416
  0  20

 /8  0
^+1922
  9  ;+2
^+2522
  8  2528
  0  8002
 /8  304
  4  7562
  8  3920
^+2535
  8  2539
  2  3765     (+8191)
  7  1642     (READAL-2)
   8 1726     (NXPORD)
^+2298
  8  2536     (PROTECT CF TO UNLOADED PROCEDURE)
^+2546
  8  2550

^+3952
  4  3954
  8  8123
  0  8015
  0  1413
  0  1659
  0  3958
 15  7168
  8  3958

^+4540
  4  A
  5  8
  4  B
  5  10
  4  C
  5  D
  4  E
  5  F
LOOP  0  D
 /4  0
  0  F
 /5  0
  0  D
  4  G
 /5  0
 10  D
 10  F
  4  F
  2  H
  7  ;+2
  8  LOOP

  8  5120

A  8  3952
B  8  23
C  0  I
D  +0
E  +8000
F  +0
G  +0

H  0  8128
I  8  8000
 +0
 +8192
 +6
 +20
 +28
 +18
 +9
 +8128
 +8192
 +16383   (8010)
 -3
  8  3952
  8  8088
 +8007
  4  8001   (FROM 8)
  5  W4
  4  8011
  5  W1
  4  8001
  5  W3   (8020)
  8  1644
  4  8004    (FROM 11)
  8  8016
  4  8122    (FROM 12)
  5  W4
  4  8011
  5  W1
  4  8001
  5  W3
  8  1655  (8030)
  4  8005    (FROM 13)
  8  8025
  4  8001    (FROM 14)
  5  W1

  8  7775
  4  8001       (FROM 18 I.E. THE OLD 15)
  5  W1
  8  1653
  4  8006    (FROM 16)
  0  8002  (8040)
 /8  237
  0  8002     (FROM 17)
 /8  11
  4  FLAG     (AT START)
  0  8002
  9  8057
 /4  6093
  5  7562
 /4  211
  5  7804  (8050)
  2  8003

  9  2525
  7  7819
  4  7804
  7  8068
  8  7855
 /4  6093
  5  7555
 /4  211
  5  7567   (8060)
  4  8001
  5  FLAG
  8  7603
  4  W1     (FROM LOADER A)
  9  8072
  4  8011
  8  7590
  4  W1     (FROM LOADER B)
  9  8076
  4  8001  (8070)
  8  7832
  4  8011
  5  FLAG
  0  8002
 /8  5415
  4  W3
  0  8002
 /9  5415
  4  8011
  5  W3    (8080)
 /5  10
  4  8001
  5  FLAG
  4  W4
 /8  237
  4  8013  (LOCK)
  8  8089
  4  8012  (UNLOCK)
  5  8
  4  8001  (8090)
  5  W1
  4  8014
  5  W2
  0  W2
 /4  0
  9  8112
  5  W4
 /4  1
  5  W3
  0  W4
 /4  0
  1  W1
  5  W1
 10  W4
  4  W4
  2  W3
  7  8109
  8  8100
 10  W2
 10  W2
  8  8094
  4  8
  2  8013
  7  8119
  4  SUM
  2  W1
  7  8
  8  8118
  4  W1
  5  SUM  (8120)
  8  8121
  +8
  5  6
  4  3957
  5  2
  5  4
  8  3958


^+5120
  4  ;+5
  5  7589
  4  ;+4
  5  7831
  8  ;+0
  8  8064
  8  8068
%
<! Halt !>
 +9
 +14
 +16
 +27
+1412

+1414
+1922
+1922
+2298
+2298
+2522
+2526
+2535
+2538
+2546
+2546
 +3952
 +3959
 +4540

+4697
+5120
+5126
+7589
+7589
+7831
+7831
<! Halt !>