
(MODULE 1 PATCH , AUG.  1978)

(ASSEMBLE; ENTER AT 1024; DUMP;)
(INPUT BEFORE SWITCH LIST PATCH; ENTER AT 9 AFTER)
(INPUT OF SWITCH LIST PATCH)

*+2
^+9
  8  6800
 -1
  4  188   (+0)
  5  10
  8  236   (START TRANSLATOR)
 -8192
  4  10    (FROM PUNGRP+7)
  0  14
 /9  8044
  4  211
  8  5399  (TO PUNGRP+8)

^+26
  5  6090  (FROM BLANKS+2)
  4  10
  9  5377  (TO BLANKS+8)
  8  5372  (TO BLANKS+3)

^+5364
  4  14
  2  5363
  0  14
 /8  3739

^+5371
  8  6
^+5398
  8  15

^+1640
  8  5392
^+1024
  4  ;+5
  5  5516    (_FACILITY)
  4  ;+4
  5  5816    (NO TRAILER IN REPORT MODE)
  8  ;+12
  8  5754
  8  5816
  0  5753
  0  5759

  8  5775    (5753)
  4  5420    (RW+3)
  2  5758
  7  5459    (FILBUF)
  8  5512    (VOID)
  +95

  0  ;-6
  0  ;-1
 /4  0
  0  ;-11
 /5  0
 10  ;-5
 10  ;-14
  4  ;-15
  2  ;-15
  7  ;+2
5
  7  ;+2
 ;-9

  4  ;+15
  5  ;+15
  4  ;  5  ;+15
LOOP  0  ;+12
 /4
  0  ;+12
 /5  0
 10  ;+8
 10  ;+9
  4  ;+8
  2  ;+8
  7  ;+2
  8  LOOP
  8  ;+0
  0  ;+5
 +0
  0  6800
 +0
  0  6828

  4  6810    (CLEAR JUNK)
  5  6811
  0  6811
  4  6813
 /5  0
 10  6811
  4  6811
  2  6812
  7  6814
  8  6802

  0  7000   (6810)
 +0
  0  7162
 +0
  0  6825
 /4  0
  0  6826
 /5  0
 10  6825
 10  6826

  4  6825   (6820)
  2  6827  7  6824
  8  6814
  8  6824
 +8
 +8200
 +8180
%
<! Halt !>

+9
+19
+26
+29
+1640
+1640
+5364
+5367
+5371
+5371
+5398
+5398
+5516
+5516
+5753
+5758
+5816
+5816
+6800
+6827
<! Halt !>
