
 900    568
   7   1077
  23    801
  36    641
  23    801
   7   1077
  23    801
  36    641
  23    801
   7   1077
  23    801
  36    641
  23    801
   7   1077
  23    801
  36    641
  23    801
  45    568
   7   1077
  10   1008
  16    899
  23    801
  31    694
  36    641
  45    568
  36    641
  58    490
  45    568
  36    641
  31    694
  23    801
  16    899
  10   1008
   7   1077
  23    801
  36    641
  23    801
   7   1077
  23    801
  36    641
  23    801
   7   1077
  27    739
  45    568
  27    739
   7   1077
  16    899
  45    568
  16    899
  10   1008
  16    899
  23    801
  16    899
  45   1136
  27   1479
  23   1602
  45    568
  36    641
  45    568
  36    641
  45    568
  36    641
  45    568
  66    449
 102    337
  66    449
  45    568
  66    449
 102    337
  66    449
  23    801
  36    641
  58    490
  36    641
  23    801
  36    641
  58    490
  36    641
  31    694
  45    568
  66    449
  45    568
  31    694
  45    568
  66    449
  45    568
  36    641
 102    337
  80    396
  66    449
  58    490
  45    568
  36    641
  31    694
  23    801
  36    641
  58    490
  36    641
  23    801
  36    641
  58    490
  36    641
  23    801
  45    568
  66    449
  45    568
  23    801
  45    568
  66    449
  45    568
  36    641
  58    490
  80    396
  58    490
  36    641
  58    490
  80    396
  58    490
  36    641
  66    449
 102    337
  66    449
  36    641
  66    449
 102    337
  66    449
   7   1077
  16    899
  31    694
  16    899
   7   1077
  16    899
  36    641
  16    899
   7   1077
  23    801
  36    641
  23    801
   7   1077
  23    801
  36    641
  23    801
  31    694
  23    801
  16    899
  23    801
  31    694
  36    641
  45    568
  58    490
  66    449
  58    490
  45    568
  58    490
  66    449
  80    396
 102    337
 125    284
 140    260
 102    337
 125    284
  80    396
 102    337
  66    449
  80    396
  58    490
  66    449
  45    568
  58    490
  36    641
  45    568
  31    694
  36    641
  23    801
  31    694
  23    801
  31    694
  23    801
  16    899
  23    801
  31    694
  36    641
  45    568
  36    641
  45    568
  36    641
  31    694
  23    801
  31    694
  23    801
  16    899
  23    801
  16    899
  23    801
  31    694
  36    641
  31    694
  36    641
  45    568
  36    641
  45    568
  36    641
  31    694
  23    801
  31    694
  23    801
  16    899
  23    801
  16    899
  23    801
  31    694
  36    641
  31    694
  36    641
  45    568
  36    641
  45    568
  36    641
  31    694
  36    641
  31    694
  36    641
  36    641
  23    801
  31    694
  16    899
  23    801
  10   1008
  16    899
   7   1077
  10   2016
  16    899
  23    801
   7   1077 900     47
  58    490 900     47
  36   1282
  45    568
  58    490
 102    337 900     47
  66    449 900     47
  58    490 900     47
 102    337 900     47
  58   1961
  58    490
  45    568
  36    641
  31    694
  36    641 900     47
  45    568 900     47
  58    490 900     47
  23   3205
  31    694 900     47
  36   1282
  31    694
  36    641
  31    694 900     47
  45    568 900     47
  36    641
  31    694
  23    801
  16    899
  23    801 900     47
  31    694 900     47
  36   1282
  31    694
  36    641
  31    694 900     47
  45    568 900     47
  36    641 900     47
  45    568 900     47
  58   1961
   7   1077
  23    801
  36    641
  23    801
   7   1077
  23    801
  36    641
  23    801
   7   1077
  23    801
  36    641
  23    801
   7   1077
  23    801
  36    641
  23    801
  45    568
   7   1077
  10   1008
  16    899
  23    801
  31    694
  36    641
  45    568
  36    641 900     47
 102    337 900     47
  58   1961
  23   3205
  16    899
  23    801
  31    694
  36    641
  31    694 900     47
  16   3597
  16    899 900     47
  23    801
  31    694
  36    641
  23    801
  31    694
  36    641
  45    568
  31    694
  36    641 900     47
  23   3205
  23    801 900     47
  31    694
  36    641
  45    568
  31    694
  36    641
  45    568
  58    490
  36    641
  45    568 900     47
  23    801 900     47
  66    449
  58    490
  45    568
  36    641
  45    568 900     47
  23    801 900     47
  66    449
  58    490
  45    568
  36    641
  45    568 900     47
  23    801 900     47
  23    801 900     47
  23    801 900     47
  23    801
  45    568
  66    449
  45    568
  23    801
  45    568
  66    449
  45    568
  23    801
  45    568
  66    449
  45    568
  23    801
  45    568
  23    801
  10   1008
  16    899
  23    801
  27    739
  36    641
  45    568
  58    490
  66    449
  80    396
  66    449
 102    337
  80    396
  66    449
  58    490
  45    568
  36    641
  27    739
  23    801
  16    899
  10   1008
   7   1077
  10   1008 900     47
  16    899 900     47
  23    801 900     47
  45   2272
  58    490 900     47
  66    899
  58    490
  66    449
  58    490 900     47
  80    396 900     47
  66    449
  58    490
  45    568
  36    641
  45    568 900     47
  27    739 900     47
  23   1602
  16    899
  10   1008
   7   1077 900     47
  16    899 900     47
  10   1008 900     47
  16    899 900     47
  23   3205
   2   1250
  10   1008
  23    801
  10   1008
   2   1250
  10   1008
  23    801
  10   1008
   2   1250
  16    899
  27    739
  16    899
   2   1250
  16    899
  27    739
  16    899
  10   1008
  23    801
  36    641
  23    801
  10   1008
  23    801
  36    641
  23    801
  10   1008
  27    739
  45    568
  27    739
  10   1008
  27    739
  45    568
  27    739
  23    801
  36    641
  58    490
  36    641
  23    801
  36    641
  58    490
  36    641
  23    801
  45    568
  66    449
  45    568
  23    801
  45    568
  66    449
  45    568
  58    490
  45    568
  36    641
  45    568
  58    490
  66    449
  80    396
 102    337
 115   1219
 900     94
  16   1798
  10   2016
  16   1798
  16   1798
  23   1602
   7   2155
  10   2016
  10   2016
  16   1798
  10   1008
   7   1077
  10   1008
  16    899
  16    899
  10   1008
  16    899
  23    801
  16    899
  10   1008
  16    899
  23    801
  23    801
  16    899
  23    801
  27    739
  36    641
  27    739
  36    641
  45    568
  58    490
  45    568
  58    490
  66    449
  80    396
  66    449
  80    396
  66    449
  58    490
  45    568
  58    490
  45    568
  36    641
  45    568
  36    641
  45    568
  58    490
  66    449
  58    490
  66    449
  80    396
  66    449
  80    396
  66    449
  58    490
  45    568
  58    490
  45    568
  36    641
  45    568
  36    641
  45    568
  58    490
  66    449
  58    490
  66    449
  80    396
  66    449
  80    396
  66    449
  58    490
  45    568
  58    490
  45    568
  66    449 900     47
  23    801 900     47
  80    396 900     47
  27    739 900     47
  23    801 900     47
  45    568 900     47
 102   1351
  36    641
  31    694
  23    801
  16    899
  23    801 900     47
  31    694 900     47
  36    641 900     47
  23   3205
  31    694 900     47
  36   1282
  31    694
  36    641
  31    694 900     47
  45    568 900     47
  36    641 900     47
  45    568 900     47
  58   1961
   7   1077
  23    801
  36    641
  23    801
   7   1077
  23    801
  36    641
  23    801
   7   1077
  23    801
  36    641
  23    801
   7   1077
  23    801
  36    641
  23    801
  45    568
   7   1077
  10   1008
  16    899
  23    801
  31    694
  36    641
  45    568
  36    641
  58    490
  45    568
  36    641
  58    490 900     47
 900     94
  36   1282
  45   1136
  45   1136
  58    980
  31   1389
  36   1282
  36   1282
  45   1136
  36    641
  31    694
  36    641
  45    568
  45    568
  36    641
  45    568
  58    490
  45    568
  36    641
  45    568
  58    490
  58    490
  45    568
  58    490
  66    449
  58    490
  45    568
  36    641
  31    694
  36    641 900     47
  45    568 900     47
  58    490 900     47
   7   4310
  10   1008 900     47
  16   1798
  10   1008
  16    899
  10   1008 900     47
  19    844 900     47
  16    899 900     47
  36    641 900     47
  45    568 900     47
  36    641 900     47
  16    899
  36    641
  58    490
  36    641
  16    899
  36    641
  58    490
  36    641
  16    899
  36    641
  58    490
  36    641
  16    899
  36    641
  16    899
   7   1077
  10   1008
  16    899
  19    844
  27    739
  36    641
  45    568
  58    490
  66    449
  58    490
 140    260
 115    304
  90    367
  80    396
  66    449
  58    490
  45    568
  36   2564
  80   1587
  31   2778
  45   3409
  36    641
  31    694
  23    801 900     47
  45    568 900     47
  36   2564
  58   2942
  45    568
  36    641
  31    694 900     47
  58    490 900     47
  66   2698
  58    490
  45    568
  36    641 900     47
  66    449 900     47
  58    490 900     47
  80   1587
  66    449
  58    490
  45    568 900     47
  66   1798
  58    490
  45    568
  36    641 900     47
  58   1961
  45    568
  36    641
  31    694 900     47
  45   1136
  51   1063
  45   1136
  19    422  16    450
  19    422  16    450
  19    422  16    450
  19    422  16    450
  19    422  16    450
  19    422  16    450
  19    422  16    450
  27    369
  19    422
  16   1798
  36   1282
  58    980
  36   1282
  16   1798
  19    844
  31    694
  36    641 900     47
  45    568 900     47
  58   1961
  66    225  58    245
  66    225  58    245
  66    225  58    245
  66    225  58    245
  80   1587
 900    189
   7   1077
  16    899
  31    694
  16    899
   7   1077
  16    899
  31    694
  16    899
   7   1077
  23    801
  36    641
  23    801
   7   1077
  23    801
  36    641
  23    801
  16    899
  31    694
  45    568
  31    694
  16    899
  31    694
  45    568
  31    694
  16    899
  36    641
  58    490
  36    641
  16    899
  36    641
  58    490
  36    641
  31    694
  45    568
  72    425
  45    568
  31    694
  45    568
  72    425
  45    568
  31    694
  58    490
  80    396
  58    490
  31    694
  58    490
  80    396
  58    490
  13    961
  16    899
  23    801
  31    694
  36    641
  45    568
  58    490
  72    425
  80   793
 9    284
  80    396
  72    425
  58    490
  45    568
  58    490 900     47
  72    425 900     47
  80    396 900     47
  16   3597
  23    801 900     47
  31   1389
  23    801
  31    694
  23    801 900     47
  36    641 900     47
  31    694 900     47
   7   4849
  13    961 900     47
  16   1798
  13    961
  16    899
  13    961 900     47
  23    801 900     47
  16    899 900     47
  23    801 900     47
  31   2778
  58    490
  80    396
 125    284
  80    396
  58    490
  80    396
 125    284
  58    490
  45    568
  80    396
 115    304
  80    396
  45    568
  80    396
 115    304
  80    396
  45    568
  66    449
 102    337
  66    449
  45    568
  66    449
 102    337
  66    449
  36    641
  66    449
  90    367
  66    449
  36    641
  66    449
  90    367
  66    449
  36    641
  58    490
  80    396
  58    490
  36    641
  58    490
  80    396
  58    490
  31    694
  58    490
  80    396
  58    490
  31    694
  58    490
  80    396
  58    490
  31    694
  45    568
  72    425
  45    568
  31    694
  45    568
  72    425
  45    568
  23    801
  45    568
  66    449
  45    568
  23    801
  45    568
  66    449
  45    568
  36    641
  31    694
  23    801
  16    899
  23    801 900     47
  31    694 900     47
  36    641 900  <! 128 !>47
  <!  50 !>   3205
  31    694 900     47
  36   1282
  31    694
  36    641
  31    694 900     47
  45    568 900     47
  36    641 900     47
  31    694 900     47
  36    641 900     47
  45    568 900     47
  36    641 900     47
  45   2272
  58    490 900     47
  31    694 900     47
  36   2564
  45    568 900     47
  36    641
  31    694
  23    801
  16    899
  23    801 900     47
  23    801 900     47
  66    449 900     47
  58   1961
  45    568 900     47
  36    641
  31    694
  23   3205
  58    980
  66    449
  58    490
  45   2272
  36   1282
  31  <! 132 >!
  23    801
  16   3597
  45   1136
  51    531
  45    568
  36   2564
  80    793
  45   1136
  36    641
  31    694
  23    801 900     47
  36    641 900     47
  31    694 900     47
  51    531 900     47
  45   3409
  36    641
  31    694
  23    801 900     47
  45    568 900     47
  36    641 900     47
  66    449 900     47
  58   2942
  72    425
  80    396
  72    850
  80    396
 102    337
  80    793
  66    449
  58    490
  45   3409
  58    490
  66    449
  58    980
  66    449
  80    396
  66    899
 102    337
  66    449
  45    568
  66    449
 102    337
  66    449
  23    801
  36    641
  58    490
  36    641
  23    801
  36    641
  58    490
  36    641
  23    801
  45    568
  66    449
  45    568
  23    801
  45    568
  66    449
  45    568
  36    641
  58    490
  80    396
  58    490
  36    641
  58    490
  80    396
  58    490
  36    641
  66    449
 102    337
  66    449
  36    641
  66    449
 102    337
  66    449
   7   1077
  16    899
  31    694
  16    899
   7   1077
  16    899
  31    694
  16    899
   7   1077
  23    801
  36    641
  23    801
   7   1077
  23    801
  36    641
  23    801
  31    694
  23    801
  16    899
  23    801
  31    694
  36    641
  45    568
  58    490
  66    449
  58    490
  45    568
  58    490
  66    449
  80    396
 102    337
 125    284
 140    260
 102    337
 125    284
  80    396
 102    337
  66    449
  80    396
  58    490
  66    449
  45    568
  58    490
  36    641
  45    568
  31    694
  36    641
  23    801
  31    694
  23    801
  31    694
  23    801
  16    899
  23    801
  31    694
  36    641
  45    568
  36    641
  45    568
  36    641
  31    694
  23    801
  31    694
  23    801
  16    899
  23    801
  16    899
  23    801
  31    694
  36    641
  31    694
  36    641
  45    568
  36    641
  45    568
  36    641
  31    694
  23    801
  31    694
  23    801
  16    899
  23    801
  16    899
  23    801
  31    694
  36    641
  31    694
  36    641
  45    568
  36    641
  45    568
  36    641
  31    694
  36    641
  31    694
  45    568
  36    641
  23    801
  31    694
  16    899
  23    801
  10   1008
  16    899
   7   1077
  10   2016
  16    899
  23    801
   7   1077 900     47
  58    490 900     47
  36   1282
  45    568
  58    490
  45    284  40    303
  45    284  40    303
  45    284  40    303
  58    490
  58   1961
-1

 900    378
  51    354
  58    326
  66    299
  72    283
  80    264
  45    378
  51    354
  58    326
  51    354
  58    326
  66    299
  72    283
  80    264
  72    283
  66    299
  58    326
  51    354
  58    326
  66    299
  72    283
  80    264
  45    378
  51    354
  58    326
  51    354
  58    326
  66    299
  72    283
  80    264
  72    283
  66    299
  58    326
  51    354
  58    326
  66    299
  72    283
  66    299
  72    283
  80    264
  90    245
  80    264
  72    283
  66    299
  58    326
  51    354
  45    378
  51    354
  58    326
  51    354
  58    326
  66    299
  72    283
  66    299
  72    283
  80    264
  90    245
  80    264
  72    283
  66    299
  58    326
  51    354
  40    404
  36    427
  31    463
  27    493
  31    463
  36    427
  40    404
  45    378
  23    534
  27    493
  31    463
  27    493
  31    463
  36    427
  40    404
  45    378
  40    404
  36    427
  31    463
  27    493
  31    463
  36    427
  40    404
  45    378
  23    534
  27    493
  31    463
  27    493
  31    463
  36    427
  40    404
  45    378
  40    404
  36    427
  31    463
  27    493
  31    463
  36    427
  40    404
  36    427
  40    404
  45    378
  51    354
  45    378
  40    404
  36    427
  31    463
  27    493
  23    534
  27    493
  31    463
  27    493
  31    463
  36    427
  40    404
  36    427
  40    404
  45    378
  51    354
  45    378
  40    404
  36    427
  31    463
  27    493
  23    534
  27    493
  31    463
  27    493
 115    203
 115    203
 115    203
 115    203
 115    203
 115    203
 115    203
 102    225
 125    189
 102    225
 125    189
 102    225
 125    189
 102    225
 125    189
 115    203
 115    203
 115    203
 115    203
 115    203
 115    203
 115    203
 115    203
 102    225
 125    189
 102    225
 125    189
 102    225
 125    189
 102    225
 125    189
 115    203
 102    225
 115    203
 125    189
 115    203
 102    225
 115    203
 125    189
 115    203
 102    225
 115    203
 125    189
 115    203
 102    225
 115    203
 125    189
 115    203
 102    225
  90    245
  80    264
  72    283
  80    264
  90    245
 102    225
 115    203
 102    225
  90    245
  80    264
  72    283
  66    299
  58    326
  51    354
  66    299
  66    299
  66    299
  66    299
  66    299
  66    299
  66    299
  66    299
  58    326
  66    299
  58    326
  66    299
  58    326
  66    299
  58    326
  66    299
  66    299
  66    299
  66    299
  66    299
  66    299
  66    299
  66    299
  66    299
  58    326
  66    299
  58    326
  66    299
  58    326
  66    299
  58    326
  66    299
  66    299
  58    326
  66    299
  72    283
  66    299
  58    326
  66    299
  72    283
  66    299
  58    326
  66    299
  72    283
  66    299
  58    326
  66    299
  72    283
  66    299
  58    326
  51    354
  45    378
  40    404
  45    378
  51    354
  58    326
  66    299
  58    326
  51    354
  45    378
  40    404
  45    378
  51    354
  58    326
  66     74
  10    470
  13    641
  16    599
  19    563
  23    534
   7    718
  10    672
  13    641
  10    672
  13    641
  16    599
  19    563
  23    534
  19    563
  16    599
  13    641
  10    672
  13    641
  16    599
  19    563
  16    599
  19    563
  23    534
  27    493
  23    534
  19    563
  16    599
  13    641
  16    599
  13    641
  10    672
   7    718
   4    777
   7    718
  10    672
  13    641
  10    672
  13    641
  16    599
  19    563
  16    599
  19    563
  23    534
  27    493
  31    463
  36    427
  40    404
  45    378
  51    354
  45    378
  51    354
  58    326
  51    354
  45    378
  51    354
  58    326
  51    354
  45    378
  51    354
  58    326
  51    354
  45    378
  51    354
  58    326
  51    354
  45    378
  51    354
  58    326
  51    354
  45    378
  51    354
  58    326
  51    354
  45    378
  51    354
  58    326
  51    354
  45    378
  51    354
  58    326
  51    177
  19    281
   4    777
 900     63
  51    354
  51    354
  51    354
  51    354
  51    354
  58    326
  66    299
  72    283
  80    264
  45    378
  51    354
  58    326
  51    354
  58    326
  66    299
  72    283
  80    264
  72    283
  66    299
  58    326
  51    354
  58    326
  66    299
  72    283
  80    264
  45    378
  51    354
  58    326
  51    354
  58    326
  66    299
  72    283
  80    264
  72    283
  66    299
  58    326
  51    354
  58    326
  66    299
  72    283
  66    299
  72    283
  80    264
  90    245
  80    264
  72    283
  66    299
  58    326
  51    354
  45    378
  51    354
  58    326
  51    354
  58    326
  66    299
  72    283
  66    299
  72    283
  80    264
  90    245
  80    264
  7  2<! 176 !>3
<! 128 !> 66    299
  58    326
  51    354
  40    404
  36    427
  31    463
  27    493
  31    463
  36    427
  40    404
  45    378
  23    534
  27    493
  31    463
  27    493
  31    463
  36    427
  40    404
  45    378
  40    404
  36    427
  31    463
  27    493
  31    463
  36    427
  40    404
  45    378
  23    534
  27    493
  31    463
  27    493
  31    463
  36    427
  40    404
  45    378
  40    404
  36    427
  31    463
  27    493
  31    463
  36    427
  40    404
  36    427
  40    404
  45    378
  51    354
  45    378
  40    404
  36    427
  31    463
  27    493
  23    534
  27    493
  31    463
  27    493
  31    463
  36    427
  40    404
  45    378
  40    404
  36    427
  31    463
  27    493
  19    563
  16    599
  10    672
   4    777
   2    833
   4    777
   7    718
   4    777
   7    718
  10    672
  13    641
  16    599
   2    833
   4    777
   7    718
   4    777
   7    718
  10    672
  13    641
  16    599
  13    641
  10    672
   7    718
   4    777
   7    718
  10    672
  13    641
  16    599
   2    833
   4    777
   7    718
   4    777
   7    718
  10    672
  13    641
  16    599
  13    641
  10    672
   7    718
   4   1555
 125    189
 115    203
 102    225
  90    245
  80    264
  72    283
  66    299
  72    283
  80    264
  90    245
  80    264
  90    245
 102    225
 115    203
 125    189
 115    203
 102    225
  90    245
  80    264
  72    283
  66    299
  58    326
  51    354
  45    378
  51    354
  58    326
  51    354
  45    378
  51    354
  58    326
  51    709
 125    189
 115    203
 102    225
  90    245
  80    264
  72    283
  66    299
  72    283
  80    264
  90    245
  80    264
  90    245
 102    225
 115    203
 125    189
 115    203
 102    225
  90    245
  80    264
  72    283
  66    299
  58    326
  51    354
  40    404
  31    463
  27    493
  19    563
  16    599
  10    672
   4    777
   4    777
   7    718
  10    672
  13    641
  16    599
   2    833
   4    777
   7    718
   4    777
   7    718
  10    672
  13    641
  16    599
  13    641
  10    672
   7    718
   4    777
   7    718
  10    672
  13    641
  16    599
   2    833
   4    777
   7    718
   4    777
   7    718
  10    672
  13    641
  16    599
  13    641
  10    672
   7    718
   4   1555
 125    189
 115    203
 102    225
  90    245
  80    264
  72    283
  66    299
  72    283
  80    264
  90    245
  80    264
  90    245
 102    225
 115    203
 125    189
 115    203
 102    225
  90    245
  80    264
  72    283
  66    299
  58    326
  51    354
  45    378
  51    354
  58    326
  51    354
  45    378
  51    354
  58    326
  51    709
 125    189
 115    203
 102    225
  90    245
  80    264
  72    283
  66    299
  72    283
  80    264
  90    245
  80    264
  90    245
 102    225
 115    203
 125    189
 115    203
 102    225
  90    245
  80    264
  72    283
  66    299
  58    326
  51    354
  40    404
  31    463
  27    493
  19    563
  16    599
  10    672
   4    777
   4    777
   2    833
   4    777
   7    718
   4    777
   2    833
   4    777
   7    718
   4    777
   2    833
   4    777
   7    718
   4    777
   2    833
   2    833
   4    777
   2    833
   4    777
   7    718
  10    672
  13    641
  16    599
  19    563
  23    534
  27    493
  31    463
  36    427
  40    404
  36    427
  40    404
  45    378
  51    354
  45    378
  51    354
  58    326
  66    299
  72    283
  80    264
  90    245
 102    225
 115    203
 102    225
 115    203
 125    189
 115    203
 102    225
 115    203
 125    189
 115    203
 102    225
 115    203
 125    189
 115    406
 900     63
  51    354
  45    378
  51    354
  58    326
  51    354
  45    378
  51    354
  58    326
  51    354
  45    378
  51    354
  58    326
  51    709
 900     63
 115    101
  51    177
  27    493
 900     63
  51    354
  58    326
  66    299
  72    283
  80    264
  72    283
  90    245
 125    189
 115    203
 102    225
  90    245
  80    264
  72    283
  66    299
  58    326
  51    354
  45    378
  40    404
  36    427
  31    463
  27    493
  23    534
  19    563
  16    599
  13    641
  16    599
  19    563
  23    534
  27   1972
 900    252
 115    203
  80    264
  51    354
  27    493
 115    812
-1

 900    473
 150    291
 150    270
 150    270
 150   1666
 900    157
 150    291
 150    270
 150    270
 150   1666
 900    157
 150    291
 150    270
 150    270
 102   1126
 102    394
 102    365
 102    365
 102   1126
 102    394
 102    365
 102    365
  72   1417
  72    496
  72    460
  72    460
  72   1417
  72    496
  72    460
  72    460
   0   8928
   2   6250
  16   1498
   7   3592
  13   3205
  19   2815
  31   2315
  40    253  31    289
  40    253  31    289
  40    253  31    289
  40    253  31    289
  40    253  31    289
  40    253  31    289
  40    253  31    289
  45    236
  40    252
  31   2315
  72   1062
  31    578
  23   2671
 150    208 900     39
 102    281 900     39
  72    354 900     39
  40    505 900     39
  23    667 900     39
  13    801 900     39
   0   8928
   2   6250
  16   1498
   7   3592
  13   3205
  19   2815
  31   2315
  40    253  31    289
  40    253  31    289
  40    253  31    289
  40    253  31    289
  40    253  31    289
  40    253  31    289
  40    253  31    289
  45    236
  40    252
  23   2671
  31   1736
  23    667
  31   4630
  40   2022
 150    291
 150    270
 150    270
 150    833
 150    291
 102    365
  72    460
  40   2022
 150    291
 150    270
 150    270
 150    833
 102    394
  72    460
  40    657
  23   2671
 150    291
 150    270
 150    270
 150    833
 102    394
  72    460
  40    657
  23   2671
  72    496
  40    657
  23    868
  13   3205
  72    496
  40    657
  23    868
  13   3205
  40    707
  23    868
  13   1041
   0   8928
   2   6250
  16   1498
   7   3592
  13   3205
  19   2815
  31   2315
  40    253  31    289
  40    253  31    289
  40    253  31    289
  40    253  31    289
  40    253  31    289
  40    253  31    289
  40    253  31    289
  45    236
  40    252
  31   2315
  72   1062
  31    578
  23   2671
 150    208 900     39
 102    281 900     39
  72    354 900     39
  40    505 900     39
  23    667 900     39
  13    801 900     39
   0   8928
   2   6250
  16   1498
   7   3592
  13   3205
  19   2815
  31   2315
  40    253  31    289
  40    253  31    289
  40    253  31    289
  40    253  31    289
  40    253  31    289
  40    253  31    289
  40    253  31    289
  45    236
  40    252
  23   2671
  31   1736
  23    667
  31   4630
  40   2022
 900    157
  40   4045
  40   3034
  40   1011
  23   2671
  31   2315
  45   1893
  72   1417
  72   2480
  40    505
  40   3539
  23    667
  23   2671
  31   2315
  45   1893
  72   1417
  72   2480
  23    667
  23   4674
  13    801
  13   6410
  19   2815
  23   2671
  31   2315
  36   1602
  23    667
  31   2315
  58   1225
  40    505
  45   1893
  13   3205
   7   3592
   2   4166
   0   8928
   2   6250
  16   1498
   7   3592
  13   3205
  19   2815
  31   2315
  40    253  31    289
  40    253  31    289
  40    253  31    289
  40    253  31    289
  40    253  31    289
  40    253  31    289
  40    253  31    289
  45    236
  40    252
  31   2315
  72   1062
  31    578
  23   2671
 150    416
 102    563
  72    708
  40   1011
  23   1335
  13   1602
   0   8928
   2   6250
  16   1498
   7   3592
  13   3205
  19   2815
   7   3592
  40    253  31    289
  40    253  31    289
  40    253  31    289
  40    253  31    289
  40    253  31    289
  40    253  31    289
  40    253  31    289
  45    236
  40    252
  23   2671
  31   1736
  23    667
  31   4630
  40   2022
 900    157
  40   4045
  40   3034
  40   1011
  23   2671
  31   2315
  45   1893
  72   1417
  72   2480
  40    505
  40   3539
  23    667
  23   2671
  31   2315
  45   1893
  72   1417
  72   2480
  23    667
  23   4674
  13    801
  13   6410
  19   2815
  23   2671
  31   2315
  36   1602
  23    667
  31   2315
  58   1225
  40    505
  45   1893
  13   3205
   7   3592
   2   4166
   0   8928
   2   6250
  16   1498
   7   3592
  13   3205
  19   2815
  31   2315
  40    253  31    289
  40    253  31    289
  40    253  31    289
  40    253  31    289
  40    253  31    289
  40    253  31    289
  40    253  31    289
  45    236
  40    252
  31   2315
  72   1062
  31    578
  23   2671
 150    416
 102    563
  72    708
  40   1011
  23   1335
  13   1602
   0   8928
   2   6250
  16   1498
   7   3592
  13   3205
  19   2815
   7   3592
  40    253  31    289
  40    253  31    289
  40    253  31    289
  40    253  31    289
  40    253  31    289
  40    253  31    289
  40    253  31    289
  45    236
  40    252
  23   2671
  31   1736
  23    667
  31   4630
  40   2022
 900     78
  72    708
  72   2125
  45    946
  45   2840
  31   1157
  31   3472
  13   1602
  13   4807
  23   1335
  31   3472
  23   1335
  23   4006
  40   1011
  45   2840
  31   1157
  31   3472
  45    946
  58   2451
  31   1157
  31   3472
  45    946
  58   3268
 900    236
 125    473
  72   2125
  45    946
  45   2840
  31   1157
  31   3472
  13   1602
  13   4807
  23   1335
  31   3472
  23   1335
  23   4006
  40   1011
  45   2840
  31   1157
  31   3472
  45    946
  58   2451
  31   1157
  31   3472
  45    946
  58   3268
 900    157
  80   1322
  45   2840
  27   1232
  27   3698
  16   1498
  16   4496
   2   2083
   2   6250
  13   1602
  16   4496
  13   1602
  13   4807
  23   1335
  27   4931
 900    157
 125    947
  72   2125
  45    946
  45   2840
  31   1157
  31   3472
  13   1602
  13   4807
  23   1335
  31   3472
  23   1335
  23   4006
  40   1011
  45   3787
 900    157
  80   1322
  45   2840
  27   1232
  27   3698
  16   1498
  16   4496
   2   2083
   2   6250
  13   1602
  16   4496
  13   1602
  13   4807
  23   1335
  27   4931
 900    157
 125    947
  72   2125
  45    946
  45   2840
  31   1157
  31   3472
  13   1602
  13   4807
  23   1335
  31   3472
  23   1335
  23   4006
  40   1011
  45   3787
 900    315
   0   8928
   2   6250
  16   1498
   7   3592
  13   3205
  19   2815
  31   2315
  40    253  31    289
  40    253  31    289
  40    253  31    289
  40    253  31    289
  40    253  31    289
  40    253  31    289
  40    253  31    289
  45    236
  40    252
  31   2315
  72   1062
  31    578
  23   2671
 150    416
 102    563
  72    708
  40   1011
  23   1335
  13   1602
   0   8928
   2   6250
  16   1498
   7   3592
  13   3205
  19   2815
   7   3592
  40    253  31    289
  40    253  31    289
  40    253  31    289
  40    253  31    289
  40    253  31    289
  40    253  31    289
  40    253  31    289
  45    236
  40    252
  23   2671
  31   1736
  23    667
  31   4630
  40   2022
  40   2022
  72   1417
  58   1634
  51   1772
  45   1893
  40   2022
  19   2815
   7   3592
  19   2815
  23   2671
  31   2315
  40   2022
  45   1893
  45   3787
  40   2022
  40   2022
  19   5631
  40   2022
  58   1634
  40   4045
  58   1634
  90   1225
  58   1634
  72   1417
  58   1634
  51   1772
  58   4903
 150    833
  40   2022
  58   1634
 102   1126
  90   1225
  58   2451
  72    708
  90   1225
 102   1126
  40   2022
  58   1634
 102   1126
  90   1225
  58   2451
  72    708
  90   1225
 102   1126
  13   4807
  19   1407
  23   2671
  31   2315
  36   2136
  31   2315
  19   2815
  31   2315
  40   2022
  58   1634
  72   1417
  51   1772
  58   4903
 150    833
  40   2022
  58   1634
 102   1126
  90   1225
  58   2451
  72    708
  90   1225
 102   1126
  40   2022
  58   1634
 102   1126
  90   1225
  58   2451
  72    708
  90   1225
 102   1126
  13   4807
  19   1407
  23   2671
  31   2315
  36   2136
  31   2315
  19   2815
  31   2315
  40   2022
  58   1634
  72   1417
  51   1772
  58   4903
  58   1634
  58   2451
  51    886
  58   1634
  58   1634
   7   7184
  19   2815
  58   1634
  58   2451
  51    886
  58   1634
  58   1634
   7   7184
  19   2815
  31   2315
  23   4006
  31   1157
  31   2315
  31   2315
  23   4006
  31   1157
  31   2315
  31   2315
  19   2815
  23   2671
  31   2315
  23   2671
  31   4630
  36   2136
  58    817
  45    946
  40   3034
  31   1157
  40   2022
  40   2022
   0   8928
  13   3205
  40   2022
  40   3034
  31   1157
  40   2022
  40   2022
   0   8928
  13   3205
  40    707
  40    657
  40    657
  40   4045
 900    157
  40    707
  40    657
  40    657
  40   4045
 900    157
  40    707
  40    657
  40    657
  40   2022
  4 707
  40    657
  40    657
  40   2022
  40    707
  40    657
  40    657
  40   2022
  40    707
  40  <!  32 !> v<! 181 !>7
  40    657
  40   2022
  40    707
  40    657
  40    657
   0   8928
   2   6250
  16   1498
   7   3592
  13   3205
  19   2815
  31   2315
  40    253  31    289
  40    253  31    289
  40    253  31    289
  40    253  31    289
  40    253  31    289
  40    253  31    289
  40    253  31    289
  45    236
  40    252
  31   2315
  72   1062
  31    578
  23   2671
 150    416
 102    563
  72    708
  40   1011
  23   1335
  13   1602
   0   8928
   2   6250
  16   1498
   7   3592
  13   3205
  19   2815
  31   2315
  40    253  31    289
  40    253  31    289
  40    253  31    289
  40    253  31    289
  40    253  31    289
  40    253  31    289
  40    253  31    289
  45    236
  40    252
  23   2671
  31   1736
  23    667
  31   4630
  40   2022
 900    157
  40   4045
  40   3034
  40   1011
  23   2671
  31   2315
  45   1893
  72   1417
  72   2480
  40    505
  40   3539
  23    667
  23   2671
  31   2315
  45   1893
  72   1417
  72   2480
  23    667
  23   4674
  13    801
  13   6410
  19   2815
  23   2671
  31   2315
  36   1602
  23    667
  31   2315
  58   1225
  40    505
  45   1893
  13   3205
   7   3592
   2   4166
   0   8928
   2   6250
  16   1498
   7   3592
  13   3205
  19   2815
  31   2315
  40    253  31    289
  40    253  31    289
  40    253  31    289
  40    253  31    289
  40    253  31    289
  40    253  31    289
  40    253  31    289
  45    236
  40    252
  31   2315
  72   1062
  31    578
  23   2671
 150    416
 102    563
  72    708
  40   1011
  23   1335
  13   1602
   0   8928
   2   6250
  16   1498
   7   3592
  13   3205
  19   2815
  31   2315
  40    253  31    289
  40    253  31    289
  40    253  31    289
  40    253  31    289
  40    253  31    289
  40    253  31    289
  40    253  31    289
  45    236
  40    252
  23   2671
  31   1736
  23    667
  31   4630
  40   4045
-1
<! 128 !>