<! Legible Header    O O   O  OOO  OOOOO  OOO        OOOO  OOOOO OOOO  O   O  OOO   OOO   OOO         OOO  OO  O OOOOO OOOO  OOOOO  OOO   !>
<! Legible Header    O O   O O   O   O   O   O       O   O O     O   O O   O O   O O   O O   O       O   O OO  O   O   O   O   O   O   O  !>
<! Legible Header O OO O   O O       O   O           O   O O     O   O O   O O     O     O   O       O     O O O   O   O   O   O   O      !>
<! Legible Header  O O O   O  OOO    O   O           O   O OOOO  OOOO  O   O O     O     O   O       O  OO O  OO   O   OOOO    O    OOO   !>
<! Legible Header    O O   O     O   O   O           O   O O     O     O   O O     O     O   O       O   O O   O   O   O       O       O  !>
<! Legible Header    O O   O O   O   O   O   O       O   O O     O  O  O   O O   O O   O O   O       O   O O   O   O   O  O    O   O   O  !>
<! Legible Header    O  OOO   OOO  OOOOO  OOO        OOOO  OOOOO O   O  OOO   OOO   OOO   OOO         OOO  O   O OOOOO O   O   O    OOO   !>
<! Legible Header                                                                                                                         !>

     8     68  32
     4    176  33
     5     66  34
     5     67  35
    11    394  36
     8    395  37
     9     48  38
     0     66  39
/    5    692  40
    11    394  41
     8    395  42
     0     66  43
/    5    693  44
    10     66  45
    10     66  46
     8     36  47
     0     67  48
/    4    692  49
     1    177  50
     5     55  51
/    4    693  52
     2    176  53
     5     65  54
    10     65  56
     4     65  57
     9     55  58
    10     67  59
    10     67  60
     4     66  61
     2     67  62
     9     48  63
     8     33  64
    11    239  68
     8    240  69
     1    178  70
     7     73  71
     8     68  72
    11    239  73
     8    240  74
     1    179  75
     7    127  76
     1    178  77
     7    136  78
     1    180  79
     5    172  80
     0    172  81
/    4    165  82
     5    173  83
    11    239  84
     8    240  85
     7     84  86
     1    181  87
     7    118  88
     1    182  89
     7    122  90
     1    183  91
     7    125  92
     1    184  93
     5    175  94
     0    173  95
/    4    144  96
     5    174  97
    11    447  98
     8    448  99
/    4      0  100
     0    176  101
     4    174  102
     1    174  103
     1    174  104
     1    185  105
     5    172  106
     4    186  107
    14   8176  108
    13    172  109
    14   8191  110
     0    176  111
    12    175  112
    14     17  113
    11    447  114
     8    448  115
     1      0  116
     8     68  117
     4    173  118
     1    187  119
     5    173  120
     8     84  121
     4    173  122
     1    178  123
     8    120  124
    10    173  125
     8     84  126
     4    188  127
    11    447  128
     8    448  129
/    3      0  130
     4    189  131
    11    447  132
     8    448  133
     3      0  134
     8     68  135
     4    178  136
    11    447  137
     8    448  138
/    0      0  139
     4    190  140
    11    208  141
     8    209  142
     8     33  143
     0    110  144
     0    100  145
     0     90  146
     0     80  147
     0     73  148
     0     66  149
     0     58  150
     0     51  151
     0     45  152
     0     40  153
     0     36  154
     0     31  155
     0     27  156
     0     23  157
     0     19  158
     0     16  159
     0     13  160
     0     10  161
     0      7  162
     0      4  163
     0      1  164
     0      2  166
     0      3  167
     0      5  168
     0      7  169
     0      8  170
     0     10  171
    14      0  177
/   15   8191  178
/   15   8142  179
     0     18  180
/   15   8130  181
     0     30  182
     0     25  183
/   15   8183  184
     0     96  185
     8   4464  186
     0     12  187
     0    900  188
     0     40  189
     0      1  190
     0      1  191
     0      1  192
     0    652  197
     3    193  198
     7    205  199
    10    193  200
     5    194  201
     1    653  202
     6    194  203
     8    199  204
     4    193  205
     0    196  206
/    8      1  207
     8    210  209
     6    654  210
     9    221  211
     1    653  212
     7    236  213
     1    655  214
     5    195  215
    11    196  216
     8    197  217
    14      7  218
     6    656  219
     1    195  220
     5    195  221
     4    192  222
     1    657  223
     7    233  224
     4    195  225
    15   6144  226
     0    208  227
     6    658  228
/    7      1  229
    14   8184  230
     1    653  231
     8    221  232
     4    195  233
    15   6148  234
     8    227  235
     4    659  236
     8    221  237
     4    191  240
     1    657  241
     7    256  242
     4    652  243
    15   2048  244
     5    238  245
    11    196  246
     8    197  247
     6    660  248
     7    258  249
     4    238  250
    11    317  251
     8    318  252
     0    288  253
     4    652  254
     8    272  255
    15   2052  256
     8    245  257
     4    238  258
     6    661  259
     1    662  260
     9    274  261
     1    663  262
     9    271  263
     1    664  264
     9    269  265
     1    665  266
     7    240  267
     8    250  268
     1    666  269
     1    667  270
     1    668  271
     0    239  272
/    8      1  273
     1    669  274
     7    270  275
     1    660  276
     7    272  277
     1    665  278
     7    240  279
     1    670  280
     7    285  281
     4    238  282
     7    240  283
     8    250  284
    11    291  285
     8    292  286
     8    240  287
     0    239  288
     0      1  289
/    1   6702  290
    11    307  292
    14     18  293
     6    671  294
     2    652  295
     5    307  296
     2    652  297
     1    291  298
     1    660  299
     0    307  300
/    5     20  301
     4    307  302
     9    306  303
     4    308  304
     5      9  305
     8    306  306
     8    309  308
     4     20  309
     5      6  310
    15   7168  311
     8    311  312
     5    313  318
     4    192  319
     5    316  320
     4    672  321
     5    192  322
     4    660  323
    11    208  324
     8    209  325
     4    673  326
    11    208  327
     8    209  328
     0    317  329
/    0      1  330
/    4      2  331
     5    314  332
    14   8180  333
     6    674  334
    11    208  335
     8    209  336
     4    314  337
     0    652  338
    14      6  339
     7    342  340
     8    332  341
    11    208  342
     8    209  343
     4    675  344
     5    314  345
     4    313  346
    14      3  347
     5    313  348
    14   8177  349
     6    676  350
     1    677  351
    11    208  352
     8    209  353
    10    314  354
     4    314  355
     9    346  356
    11    208  357
     8    209  358
     4    678  359
     5    314  360
     0    317  361
/    0      1  362
/    0      0  363
/    4      0  364
     6    679  365
     5    313  366
     4    677  367
     5    315  368
     0    314  369
/    4    382  370
     2    313  371
     9    382  372
    10    315  373
     5    313  374
     8    370  375
    12   1696  376
     1   1808  377
     0   1000  378
     0    100  379
     0     10  380
     0      1  381
     4    315  382
    11    208  383
     8    209  384
    10    314  385
     4    314  386
     9    367  387
     4    316  388
     5    192  389
    11    291  390
     8    292  391
     0    317  392
/    8      2  393
     4    652  395
     5    437  396
    11    239  397
     8    240  398
     1    680  399
     7    406  400
     1    657  401
     9    395  402
     1    681  403
     9    408  404
     8    395  405
    10    437  406
     8    397  407
     1    673  408
     5    438  409
    11    239  410
     8    240  411
     1    682  412
     5    439  413
     9    429  414
     1    681  415
     9    418  416
     8    429  417
     4    438  418
     2    683  419
     9    440  420
     4    438  421
     0    652  422
    14      3  423
     1    438  424
     1    438  425
     1    439  426
     5    438  427
     8    410  428
     0    394  429
     4    437  430
     7    435  431
     4    438  432
     2    652  433
/    8      1  434
     4    438  435
/    8      1  436
    11    317  440
     8    318  441
     0    444  442
     8    395  443
     0    394  444
     0      1  445
/    5   6766  446
     5    535  448
     9    452  449
     4    652  450
     8    455  451
     2    652  452
     5    535  453
     4    660  454
     5    546  455
     4    652  456
     5    544  457
     0    447  458
/    4      1  459
     6    684  460
     7    465  461
     4    660  462
    11    208  463
     8    209  464
     0    447  465
/    4      1  466
     6    685  467
    14   8179  468
     1    675  469
     5    537  470
     0    537  471
/    4    543  472
     5    545  473
     0    652  474
     4    535  475
    14   8176  476
    13    545  477
    14   8191  478
     5    536  479
     7    523  480
     2    686  481
     9    521  482
     4    544  483
     7    515  484
     4    536  485
     1    677  486
    11    208  487
     8    209  488
    10    544  489
     0    652  490
     4    536  491
    12    545  492
    14     17  493
     2    535  494
     5    535  495
    10    537  496
     4    537  497
     9    471  498
     4    544  499
     7    502  500
     8    507  501
     4    546  502
     7    507  503
     4    687  504
    11    208  505
     8    209  506
     4    535  507
     1    677  508
    11    208  509
     8    209  510
    10    544  511
     4    544  512
     0    447  513
/    8      2  514
     4    546  515
     7    520  516
     4    687  517
    11    208  518
     8    209  519
     8    485  520
     4    675  521
     8    470  522
     4    544  523
     7    526  524
     8    485  525
     0    447  526
/    4      1  527
     6    688  528
     7    531  529
     8    496  530
     4    652  531
    11    208  532
     8    209  533
     8    496  534
    12   1696  538
     1   1808  539
     0   1000  540
     0    100  541
     0     10  542
     0      1  543
     2    652  548
     5    609  549
     5    608  550
     0    547  551
/    4      1  552
     5    607  553
     0    607  554
     4    652  555
/    5      0  556
    10    607  557
    10    608  558
     4    608  559
     9    554  560
     4    609  561
     5    608  562
     0    547  563
/    4      1  564
     5    607  565
     4    652  566
    11    591  567
     8    592  568
     0    652  569
    14     12  570
    11    591  571
     8    592  572
     0    652  573
    14      6  574
     1    606  575
    11    591  576
     8    592  577
     1    606  578
     0    607  579
/    5      0  580
    10    608  581
    10    607  582
     4    608  583
     9    566  584
     0    547  585
/    8      2  586
     4    606  587
     0    607  588
/    5      0  589
     8    585  590
     5    606  592
    11    239  593
     8    240  594
     1    653  595
     7    593  596
     1    689  597
     7    604  598
     1    690  599
     7    587  600
     1    691  601
     0    591  602
/    8      1  603
     4    609  604
     8    550  605
     8    619  611
     2    652  612
     5    649  613
     0    610  614
/    4      1  615
     5    651  616
    10    610  617
     8    627  618
     2    652  619
     5    649  620
     4    610  621
     1    660  622
     5    651  623
     4    649  624
     2    610  625
     5    610  626
     0    651  627
/    4      0  628
     5    650  629
    14   8180  630
     6    674  631
    11    208  632
     8    209  633
     4    650  634
    14   8186  635
     6    674  636
    11    208  637
     8    209  638
     4    650  639
     6    674  640
    11    208  641
     8    209  642
    10    651  643
    10    649  644
     4    649  645
     9    627  646
     0    610  647
/    8      1  648
/   15   8191  653
/    0    255  654
     0     33  655
     0    128  656
/   15   8189  657
    15   7936  658
     8   2957  659
     0      1  660
     0    127  661
/   15   8160  662
/   15   8128  663
/   15   8165  664
/   15   8188  665
     0     58  666
/   15   8129  667
     0     64  668
     0     22  669
/   15   8185  670
     7      0  671
     0      3  672
     0     10  673
     0     63  674
/   15   8187  675
     0      7  676
     0     16  677
/   15   8186  678
     3   8191  679
/   15   8179  680
/   15   8182  681
/   15   8176  682
     1   4915  683
/    0      0  684
    15      0  685
     0      9  686
     0     13  687
     0   8191  688
/   15   8183  689
/   15   8190  690
     0     12  691
    14   8179  693
<! Halt !><! Halt !><! Halt !><! Halt !><! Halt !><! Halt !><! Halt !><! Halt !>