<! Legible Header OOO    OOO   OOOOO        OOO   OOOO   O      OOOO        OOOOO    O  OOOO        OOOOO   OOO    OOO   O   O  OOOOO        OOO   !>
<! Legible Header    O  O   O     O        O   O  O   O  O      O   O       O      OOO  O   O         O    O   O  O   O  O   O  O           O   O  !>
<! Legible Header    O  O   O    O         O   O  O   O  O      O   O       O      OOO  O   O         O    OO     OO     O   O  O               O  !>
<! Legible Header OOOO  O   O    OO        O   O  O   O  O      OOOO        OOOO     O  OOOO          O     OO     OO    O   O  OOOO          OOO  !>
<! Legible Header    O  O   O              O   O  O   O  O      O   O       O        O  O   O         O                  O   O  O                  !>
<! Legible Header    O  O   O      O       O   O  O   O  O      O   O       O        O  O   O         O       O      O   O   O  O           OO     !>
<! Legible Header OOOO  O   O      O       O  O   O   O  OOOOO  OOOOO       O        O  OOOOO         O    O   O  O   O  OOOOO  O           O      !>
<! Legible Header OOO    OOO   OOOO         OO O  OOOO   OOOOO  OOOOO       OOOOO    O  OOOOO       OOOOO  OOOO   OOOO   OOOOO  OOOOO       OOOOO  !>

[ QDLB ]
QDLB
8 38;
8 54;
8 77;
8 421;
8 42;
8 48;
8 400;
8 403;
8 430;
8 413;
8 418;
8 425;
8 93;
8 128;
8 66;
8 400;
+0
+0
+0
+0
+0
0 20;
/4 1
7 35;
9 33;
6 432;
5 19;
/4 1
6 75;
14 8179
5 32;
8 415;
+0
1 18;
8 25;
4 16;

0 20;
/8 2
0 19;
/4 0
5 18;
8 21;
0 19;
/4 1
5 17;
/4 0
5 16;
8 21;
0 19;
4 16;
/5 0
4 17;
/5 1
8 21;
0 19;
/4 0
1 16;
5 16;
/4 1
1 17;
9 63;
5 17;
8 21;
10 16;
6 76;
8 61;
4 19;
1 158;
5 72;
0 17;
14 1
4 16;
+0
3 17;
8 411;
15 0
15 8191
0 19;
4 16;
/2 0
5 16;
4 17;
/2 1
9 86;
5 17;
8 21;
6 76;
5 17;
4 92;
1 16;
5 16;
8 21;
-1
0 19;
/4 0
12 16;
5 125;
3 126;
/4 1
12 16;
14 8175
3 127;
1 125;
5 16;
4 126;
1 127;
9 122;
5 126;
/4 0
12 17;
14 8175
3 127;
1 16;
5 16;
4 127;
1 126;
9 119;
5 17;
8 21;
6 76;
10 16;
8 117;
6 76;
10 16;
8 107;
+0
+0
+0
4 16;
5 144;
4 17;
5 145;
0 19;
/4 0
5 148;
/4 1
5 149;
11 168;
8 386;
4 165;
5 16;
4 166;
5 17;
8 391;
+0
+0
+0
+0
+0
+0
+0
+0
+0
+0
+1
-6
+0
+17
14 0
8 0
+0
+0
+0
+0
+0
+0
+0
+0
+0
4 76;
5 146;
5 147;
4 156;
5 151;
5 161;
5 162;
5 163;
4 154;
5 150;
4 155;
5 160;
0 160;
/4 150;
9 375;
10 160;
10 160;
4 160;
9 181;
8 203;
+0
+0
+0
+0
+0
9 372;
0 160;
/5 150;
4 17;
/5 151;
4 150;
2 156;
5 150;
8 184;
4 156;
5 161;
4 148;
7 211;
14 1
9 215;
10 161;
8 207;
4 157;
5 161;
4 149;
8 433;
4 158;
1 161;
5 221;
0 149;
14 1
4 148;
+0
5 148;
3 149;
4 156;
5 162;
4 144;
7 232;
14 1
9 237;
10 162;
8 228;
4 157;
5 162;
4 145;
7 357;
8 228;
4 162;
2 161;
9 242;
5 163;
8 244;
4 161;
5 162;
4 158;
1 162;
5 253;
4 158;
1 163;
5 259;
0 145;
14 1
4 144;
+0
5 16;
3 17;
0 147;
14 1
4 146;
+0
3 192;
5 191;
9 347;
11 20;
8 21;
12 191;
+0
2 148;
9 303;
7 360;
0 17;
14 1
4 16;
14 8191
5 384;
3 385;
14 1
13 148;
14 8191
5 382;
11 20;
8 21;
4 148;
12 382;
2 384;
+0
4 148;
2 76;
7 292;
4 149;
1 159;
9 345;
4 16;
9 396;
4 156;
5 152;
8 301;
11 20;
8 21;
2 189;
+0
4 16;
7 304;
8 303;
4 17;
0 156;
14 8191
13 148;
5 153;
4 152;
9 313;
4 153;
8 315;
4 153;
2 156;
14 8176
3 153;
1 382;
5 152;
0 153;
14 1
4 152;
14 1
3 166;
5 165;
4 151;
7 333;
0 166;
14 1
4 165;
14 1
3 166;
5 165;
4 150;
9 336;
8 139;
11 20;
8 21;
4 165;
2 189;
+0
5 165;
4 17;
5 166;
8 139;
10 148;
8 292;
4 154;
2 259;
5 259;
0 149;
14 1
4 148;
14 8191
3 149;
5 148;
8 256;
4 156;
5 165;
8 343;
4 149;
2 17;
9 364;
8 303;
10 151;
0 17;
14 1
4 16;
14 8191
5 16;
3 17;
8 270;
4 76;
5 17;
8 195;
11 20;
8 21;
0 160;
/4 150;
2 189;
+0
8 194;
+0
+0
+0
+0
4 20;
5 167;
4 18;
5 193;
8 169;
4 167;
5 20;
4 193;
5 18;
8 21;
5 152;
8 297;
4 16;
/8 0;
4 32;
15 6144
8 401;
9 21;
1 17;
7 430;
8 21;
6 432;
1 92;
5 20;
8 21;
5 16;
8 21;
9 430;
8 21;
0 32;
10 20;
8 398;
0 19;
/10 0
8 21;
0 19;
4 17;
/5 0
8 21;
0 19;
4 20;
1 154;
/5 0
8 21;
4 19;
8 407;
0 8191
7 139;
8 207;
<! Halt !>@<! 224 !>