
+0
1 176,
5 178,
6 179,
5 18,10
4 175,
5 19,10
4 177,
5 15,10
4 176,
11 0,10
8 20,10
5 35,10
5 58,10
4 15,10
5 36,10
5 47,10
5 59,10
4 35,10
11 46,10
8 48,10
4 177,
5 15,10
4 185,
11 0,10
8 3,10
0 2,10
14 1
4 1,10
5 62,10
3 63,10
14 2
5 35,10
3 36,10
4 177,
5 180,
5 181,
4 182,
5 183,
0 183,
/4 201,
5 2,10
/4 196,
5 1,10
4 181,
5 15,10
4 180,
11 0,10
8 3,10
4 2,10
5 47,10
4 1,10
11 46,10
8 48,10
5 180,
4 2,10
5 181,
10 183,
4 183,
9 39,
4 196,
5 18,10
4 201,
5 19,10
4 181,
5 15,10
4 180,
11 0,10
8 20,10
5 60,10
4 15,10
5 61,10
11 57,10
8 251,10
4 243,10
5 35,10
5 58,10
4 244,10
5 36,10
5 59,10
0 36,10
14 1
4 35,10
14 1
3 47,10
11 46,10
8 48,10
4 177,
5 15,10
4 184,
11 0,10
8 3,10
5 180,
5 62,10
4 2,10
5 181,
5 63,10
4 185,
5 60,10
4 177,
5 61,10
11 57,10
8 251,10
4 243,10
5 186,
4 244,10
5 188,
4 180,
5 62,10
5 18,10
4 181,
5 63,10
5 19,10
4 177,
5 15,10
4 185,
11 0,10
8 20,10
5 58,10
4 15,10
5 59,10
4 184,
5 60,10
4 177,
5 61,10
11 57,10
8 251,10
4 243,10
5 187,
4 244,10
5 189,
4 191,
5 183,
4 177,
5 180,
4 178,
9 157,
0 183,
4 177,
5 18,10
5 19,10
/4 190,
5 15,10
/4 188,
11 0,10
8 20,10
8 202,
4 15,10
/5 190,
4 180,
7 153,
0 0,
/8 1
10 183,
4 183,
9 137,
4 178,
1 178,
9 151,
4 186,
5 181,
4 187,
5 186,
4 181,
5 187,
4 188,
5 181,
4 189,
5 188,
4 181,
5 189,
4 190,
5 183,
10 180,
8 137,
+0
4 0
+0
+0
7 8191
+0
+0
-4
+0
8 0
/0 0
+0
+0
+0
+0
-1
-2
+0
+1
0 69
0 4568
12 4639
0 5875
10 7784
0 256
15 4976
11 2696
0 183,
/5 188,
8 147,
)