
+0
4 207,
5 2,10
5 19,10
4 205,
5 15,10
4 206,
5 1,10
5 18,10
7 29,
8 254,
5 208,
12 204,
9 18,
4 204,
11 0,10
8 20,10
8 21,
4 204,
11 0,10
8 3,10
7 26,
12 208,
5 209,
9 39,
8 51,
4 2,10
7 190,
8 22,
4 207,
7 32,
8 11,
4 204,
7 36,
4 206,
8 11,
4 205,
7 37,
8 11,
4 204,
5 211,
4 206,
5 204,
4 211,
5 206,
4 205,
5 211,
4 207,
5 205,
4 211,
5 207,
4 204,
5 58,10
4 205,
5 59,10
4 206,
5 62,10
4 207,
5 63,10
11 257,10
8 258,10
4 243,10
5 210,
5 1,10
5 35,10
4 244,10
5 2,10
5 36,10
4 210,
9 74,
4 213,
5 15,10
4 212,
8 77,
4 215,
5 15,10
4 214,
11 0,10
8 3,10
5 58,10
4 2,10
5 59,10
4 217,
5 47,10
4 216,
11 46,10
8 48,10
4 210,
9 95,
4 215,
5 15,10
4 214,
11 0,10
8 3,10
8 99,
4 213,
5 15,10
4 212,
8 92,
5 62,10
4 2,10
5 63,10
11 257,10
8 258,10
4 244,10
5 36,10
5 47,10
5 219,
4 243,10
5 35,10
5 218,
11 46,10
8 48,10
5 211,
4 2,10
5 15,10
4 220,
5 18,10
5 19,10
4 211,
11 0,10
8 20,10
5 35,10
4 15,10
5 36,10
4 220,
5 221,
5 222,
4 223,
5 211,
0 211,
4 221,
5 1,10
4 222,
5 2,10
/4 242,
5 15,10
/4 235,
11 0,10
8 3,10
4 2,10
5 47,10
4 1,10
11 46,10
8 48,10
5 221,
4 2,10
5 222,
10 211,
4 211,
9 130,
7 153,
8 160,
4 218,
5 35,10
4 219,
5 36,10
8 130,
11 46,10
8 48,10
4 220,
5 15,10
4 224,
11 0,10
8 3,10
4 209,
9 168,
8 246,
4 225,
5 18,10
4 220,
5 19,10
4 2,10
5 15,10
4 1,10
11 0,10
8 20,10
8 243,
9 180,
8 251,
4 220,
5 18,10
5 19,10
4 2,10
5 15,10
4 1,10
11 0,10
8 20,10
8 248,
/8 1
4 204,
14 8191
12 205,
9 199,
4 226,
5 1,10
4 220,
5 2,10
8 188,
4 227,
5 1,10
4 228,
5 2,10
8 188,
+0
+0
+0
+0
+0
+0
+0
+0
/9 3052
3 1632
6 5139
12 6560
2 6104
6 3264
+0
+0
+0
+0
+0
-6
2 0
8 0
4 0
/12 0
+0
+0
+0
+1
+12
+101
+988
2 897
0 2630
3 3608
10 3349
7 3437
11 7350
5 6217
9 7103
5 1,10
4 15,10
5 2,10
4 210,
8 178,
5 1,10
4 15,10
5 2,10
4 1,10
0 0,
/8 1
9 256,
8 11,
14 8191
8 11,
