
+0
4 66,
5 63,
4 64,
7 54,
8 72,
14 1
8 90,
9 11,
10 63,
8 6,
4 67,
1 63,
1 63,
5 18,
0 65,
14 1
4 64,
+0
3 74,11
3 59,10
5 58,10
11 75,11
8 40,11
5 69,
5 62,10
4 70,
5 63,10
11 257,10
8 258,10
0 244,10
14 1
4 243,10
14 8191
3 2,10
5 1,10
0 70,
14 1
4 69,
14 8191
3 15,10
11 0,10
8 3,10
8 85,
2 68,
5 49,
0 2,10
14 1
4 1,10
+0
3 2,10
5 1,10
0 0,
/8 1
4 65,
7 61,
4 71,
5 63,
4 65,
8 91,
8 6,
5 2,10
8 51,
+0
+0
+0
+0
14 0
15 0
+0
15 8191
+8
9 72,
2 70,
7 77,
4 64,
8 6,
4 65,
2 70,
7 81,
8 75,
0 70,
14 1
4 70,
8 61,
4 63,
7 88,
8 44,
4 67,
8 45,
9 11,
14 1
8 8,
