
+0
4 98,
5 95,
5 96,
5 97,
4 89,
7 68,
9 10,
4 89,
2 98,
5 91,
4 90,
9 15,
4 90,
2 98,
2 91,
0 98,
9 84,
7 76,
4 89,
13 90,
5 95,
9 74,
1 99,
5 92,
2 99,
12 100,
1 101,
5 93,
0 98,
4 92,
13 93,
5 93,
12 93,
5 94,
0 107,
4 102,
5 96,
4 96,
12 94,
/1 107,
5 96,
10 1
4 1
9 38,
4 96,
12 93,
1 108,
5 96,
4 97,
7 54,
4 96,
2 109,
5 96,
4 89,
9 61,
4 95,
9 65,
4 96,
0 0,
/8 1
4 96,
1 110,
5 96,
8 56,
4 96,
2 98,
8 59,
4 90,
7 72,
5 95,
8 54,
15 6144
8 72,
2 98,
8 23,
4 89,
1 90,
7 80,
8 82,
4 99,
5 95,
4 111,
8 48,
0 98,
4 90,
13 89,
5 97,
8 21,
+0
+0
+0
+0
+0
+0
+0
+0
+0
+0
-.414214
-.171573
+.414214
+1
/15 8180
0 101
/15 7204
2 897
-4
2 0
8 0
/0 0
4 0
)