
+0
5 152,
0 155,
/4 3
5 153,
/4 2
2 152,
14 8176
13 153,
14 8191
5 154,
/4 0
5 156,
7 112,
/2 1
9 112,
7 112,
10 156,
4 156,
14 8191
5 157,
1 150,
10 154,
2 154,
9 112,
5 158,
4 157,
1 154,
/2 1
9 112,
10 158,
4 158,
12 153,
3 157,
/4 2
1 157,
5 157,
4 149,
5 154,
4 158,
1 155,
5 158,
0 158,
/4 4
0 154,
/5 167,
10 158,
10 154,
4 156,
2 154,
9 42,
4 156,
2 150,
5 156,
4 149,
5 154,
4 159,
5 109,
4 157,
2 152,
5 158,
4 149,
5 160,
4 156,
5 161,
4 154,
1 153,
5 154,
0 160,
/4 167,
2 149,
5 162,
/1 168,
5 163,
11 164,
8 117,
4 163,
12 158,
3 163,
5 164,
1 166,
9 114,
4 87,
5 89,
4 9,
5 91,
0 163,
14 1
4 164,
+0
13 154,
+0
5 162,
0 160,
/1 167,
/5 167,
11 164,
8 117,
4 153,
2 158,
5 158,
10 160,
10 161,
4 161,
9 68,
10 156,
4 156,
9 58,
4 167,
+0
0 0,
/8 1
15 6144
8 112,
4 159,
5 89,
8 85,
9 124,
4 162,
9 121,
8 129,
/4 168,
9 131,
8 129,
4 162,
9 129,
/4 168,
9 129,
8 131,
0 164,
/8 1
4 164,
2 165,
7 112,
4 156,
1 151,
5 162,
4 149,
5 164,
0 164,
/4 167,
14 8191
/5 167,
10 164,
4 164,
1 162,
9 139,
10 109,
8 68,
+0
+1
-1
+0
+0
+0
+0
+0
+0
+0
14 0
+0
+0
+0
+0
+0
0 97,
+65536
)