
+0
+0
+0
1 1,
5 1,
4 15,
1 2,
9 12,
5 2,
4 1,
0 0,
/8 1
10 1,
6 17,
8 8,
+0
+1
15 8191
+0
+0
2 18,
5 18,
4 15,
2 19,
9 29,
5 15,
4 18,
0 0,
/8 1
6 17,
5 15,
4 16,
2 18,
5 18,
8 26,
+0
+0
5 15,
12 35,
5 1,
3 2,
4 15,
12 36,
12 16,
3 15,
8 3,
+0
+0
11 0,
8 37,
4 46,
5 0,
4 35,
12 47,
14 8175
3 15,
8 3,
+0
+0
+0
+0
+0
+0
+0
+0
+0
4 231,
5 64,
4 232,
5 238,
0 238,
/4 64,
9 78,
10 238,
10 238,
4 238,
9 70,
8 94,
4 233,
5 18,
5 19,
/4 65,
5 15,
/4 64,
11 0,
8 20,
8 246,
/5 64,
4 15,
/5 65,
4 64,
2 233,
5 64,
8 73,
4 233,
5 239,
4 62,
7 102,
14 1
9 106,
10 239,
8 98,
4 234,
5 239,
4 63,
8 98,
4 235,
1 239,
5 112,
0 63,
14 1
4 62,
+0
5 62,
3 63,
4 233,
5 240,
4 58,
7 123,
14 1
9 127,
10 240,
8 119,
4 234,
5 240,
4 59,
8 264,
4 240,
2 239,
9 132,
5 241,
8 134,
4 239,
5 240,
4 235,
1 240,
5 143,
4 235,
1 241,
5 149,
0 59,
14 1
4 58,
+0
5 35,
3 36,
0 61,
14 1
4 60,
+0
3 47,
8 314,
8 48,
2 62,
9 154,
7 220,
0 2,
14 1
4 1,
14 8191
5 18,
3 19,
14 1
13 62,
14 8191
5 245,
4 62,
5 35,
4 63,
5 36,
4 245,
11 0,
8 37,
4 2,
5 15,
4 1,
11 0,
8 20,
4 62,
2 236,
7 184,
4 63,
1 237,
9 188,
8 270,
0 233,
13 62,
8 190,
10 62,
8 184,
14 8175
4 245,
14 1
3 244,
5 243,
4 65,
7 203,
0 244,
14 1
4 243,
14 1
3 244,
5 243,
4 64,
9 206,
8 217,
4 233,
5 18,
5 19,
4 244,
5 15,
4 243,
11 0,
8 20,
5 243,
4 15,
5 244,
4 243,
0 57,
/8 1
4 63,
2 2,
9 224,
8 223,
10 65,
8 307,
5 15,
8 247,
+0
+0
+0
+1
-6
+0
+17
14 0
15 8191
8 0
+0
+0
+0
+0
+0
+0
+0
+0
9 249,
0 238,
8 87,
4 236,
8 226,
4 233,
5 65,
5 239,
5 240,
5 241,
8 66,
+0
4 236,
5 60,
5 61,
4 257,
5 57,
8 251,
7 266,
8 119,
4 233,
5 243,
5 244,
8 218,
4 18,
9 275,
4 233,
5 228,
8 305,
5 228,
4 233,
5 18,
5 19,
4 228,
11 0,
8 20,
7 284,
8 283,
4 15,
0 233,
14 8191
13 62,
5 229,
4 228,
9 293,
4 229,
8 295,
4 229,
2 233,
14 8176
3 229,
1 245,
5 228,
0 229,
14 1
4 228,
14 1
3 244,
8 194,
4 18,
8 282,
0 2,
14 1
4 1,
14 8191
5 1,
3 2,
8 156,
9 318,
11 46,
8 48,
8 153,
4 231,
2 149,
5 149,
0 63,
14 1
4 62,
14 8191
3 63,
5 62,
8 146,
)