
8 38,
8 54,
8 77,
8 421;
8 42,
8 48,
8 400;
8 403;
8 430;
8 413;
8 418;
8 425;
8 93,
8 128,
8 66,
8 433;
+0
+0
+0
+0
+0
0 20,
/4 1
7 398;
9 33,
5 19,
6 75,
14 8179
5 32,
0 32,
8 415;
/8 0,
+0
1 18,
6 76,
8 25,
0 20,
/8 2
0 19,
/4 0
5 18,
8 21,
0 19,
/4 1
5 17,
/4 0
5 16,
8 21,
0 19,
4 16,
/5 0
4 17,
/5 1
8 21,
0 19,
/4 0
1 16,
5 16,
/4 1
1 17,
9 63,
5 17,
8 21,
10 16,
6 76,
8 61,
4 19,
5 71,
0 17,
14 1
4 16,
+0
3 17,
5 16,
8 21,
15 0
15 8191
0 19,
4 16,
/2 0
5 16,
4 17,
/2 1
9 86,
5 17,
8 21,
6 76,
5 17,
4 92,
1 16,
5 16,
8 21,
-1
0 19,
/4 0
12 16,
5 125,
3 126,
/4 1
12 16,
14 8175
3 127,
1 125,
5 16,
4 126,
1 127,
9 122,
5 126,
/4 0
12 17,
14 8175
3 127,
1 16,
5 16,
4 127,
1 126,
9 119,
5 17,
8 21,
6 76,
10 16,
8 117,
6 76,
10 16,
8 107,
+0
+0
+0
4 16,
5 144,
4 17,
5 145,
0 19,
/4 0
5 148,
/4 1
5 149,
11 168,
8 386,
4 165,
5 16,
4 166,
5 17,
8 391,
+0
+0
+0
+0
+0
+0
+0
+0
+0
+0
+1
-6
+0
+17
14 0
8 0
+0
+0
+0
+0
+0
+0
+0
+0
+0
4 76,
5 146,
5 147,
4 156,
5 151,
5 161,
5 162,
5 163,
4 154,
5 150,
4 155,
5 160,
0 160,
/4 150,
9 375,
10 160,
10 160,
4 160,
9 181,
8 203,
+0
+0
+0
+0
+0
9 372,
0 160,
/5 150,
4 17,
/5 151,
4 150,
2 156,
5 150,
8 184,
4 156,
5 161,
4 148,
7 211,
14 1
9 215,
10 161,
8 207,
4 157,
5 161,
4 149,
8 207,
4 158,
1 161,
5 221,
0 149,
14 1
4 148,
+0
5 148,
3 149,
4 156,
5 162,
4 144,
7 232,
14 1
9 237,
10 162,
8 228,
4 157,
5 162,
4 145,
7 357,
8 228,
4 162,
2 161,
9 242,
5 163,
8 244,
4 161,
5 162,
4 158,
1 162,
5 253,
4 158,
1 163,
5 259,
0 145,
14 1
4 144,
+0
5 16,
3 17,
0 147,
14 1
4 146,
+0
3 192,
5 191,
9 347,
11 20,
8 21,
12 191,
+0
2 148,
9 303,
7 360,
0 17,
14 1
4 16,
14 8191
5 384;
3 385;
14 1
13 148;
14 8191
5 382;
11 20,
8 21,
4 148,
12 382,
2 384,
+0
4 148,
2 76,
7 292,
4 149,
1 159,
9 345,
4 16,
9 396,
4 156,
5 152,
8 301,
11 20,
8 21,
2 189,
+0
4 16,
7 304,
8 303,
4 17,
0 156,
14 8191
13 148,
5 153,
4 152,
9 313,
4 153,
8 315,
4 153,
2 156,
14 8176
3 153,
1 382,
5 152,
0 153,
14 1
4 152,
14 1
3 166,
5 165,
4 151,
7 333,
0 166,
14 1
4 165,
14 1
3 166,
5 165,
4 150,
9 336,
8 139,
11 20,
8 21,
4 165,
2 189,
+0
5 165,
4 17,
5 166,
8 139,
10 148,
8 292,
4 154,
2 259,
5 259,
0 149,
14 1
4 148,
14 8191
3 149,
5 148,
8 256,
4 156,
5 165,
8 343,
4 149,
2 17,
9 364,
8 303,
10 151,
0 17,
14 1
4 16,
14 8191
5 16,
3 17,
8 270,
4 76,
5 17,
8 195,
11 20,
8 21,
0 160,
/4 150,
2 189,
+0
8 194,
+0
+0
+0
+0
4 20,
5 167,
4 18,
5 193,
8 169,
4 167,
5 20,
4 193,
5 18,
8 21,
5 152,
8 297,
4 16;
8 36;
4 32;
15 6144
8 401;
9 21;
1 17;
7 430;
8 21;
6 432;
1 92;
5 20;
0 19;
/4 0
8 23;
9 430;
8 21;
10 20;
4 16;
8 31;
0 19;
/10 0
8 21;
0 19;
4 17;
/5 0
8 21;
0 19;
4 20;
1 154;
/5 0
8 21;
4 19;
8 407;
0 8191
4 20;
5 813;
4 19;
9 400;
2 807;
7 442;
2 728;
7 816;
8 400;
4 16;
5 814;
4 17;
5 815;
4 731;
5 769;
4 814;
5 770;
4 815;
5 771;
0 813;
B4 1
6 725;
14 8179
5 767;
B4 1
6 726;
5 768;
B4 1
9 534;
4 723;
15 6144
4 814;
9 536;
4 721;
15 6144
0 813;
B4 1
6 727;
7 551;
4 767;
2 765;
5 772;
4 767;
1 768;
2 765;
14 1
5 806;
B4 1
6 722;
0 806;
7 499;
B4 804;
5 17;
4 765;
5 16;
11 20;
8 21;
1 770;
+0
9 504;
5 770;
4 17;
5 771;
0 813;
B4 1
8 508;
11 20;
8 21;
0 806;
B4 804;
8 490;
4 765;
5 769;
4 16;
8 493;
6 722;
7 554;
4 731;
5 769;
4 771;
5 782;
4 770;
5 771;
4 765;
5 770;
11 557;
8 558;
4 767;
2 765;
5 772;
4 782;
5 770;
4 765;
5 771;
11 557;
8 637;
4 813;
5 20;
10 20;
4 814;
8 21;
4 724;
8 463;
6 733;
7 546;
11 20;
8 21;
4 814;
2 189;
5 770;
+0
4 729;
8 467;
4 815;
7 549;
8 538;
10 769;
8 544;
11 557;
8 558;
8 529;
11 557;
8 637;
8 529;
+0
4 767;
2 768;
5 772;
9 634;
4 772;
14 1
2 765;
5 809;
11 20;
8 21;
0 809;
B4 765;
14 8191
1 770;
5 809;
+0
4 730;
5 773;
4 765;
5 774;
4 765;
5 775;
11 20;
8 21;
0 773;
B4 767;
2 809;
9 588;
10 775;
8 811;
B1 767;
5 809;
+0
4 774;
7 594;
8 596;
4 775;
7 620;
0 775;
B4 735;
8 807;
10 774;
10 773;
10 773;
4 768;
14 1
1 773;
7 614;
4 772;
14 1
1 773;
7 612;
4 773;
9 578;
0 557;
B8 1
4 768;
7 606;
4 732;
15 6144
10 774;
8 606;
4 770;
7 625;
4 723;
15 6144
8 600;
4 771;
7 628;
8 622;
4 773;
1 783;
7 632;
8 622;
4 735;
8 598;
4 765;
5 772;
8 562;
4 768;
2 765;
5 773;
4 731;
5 774;
4 769;
7 705;
4 765;
5 775;
4 770;
5 776;
4 771;
5 777;
4 773;
7 690;
4 765;
5 16;
4 777;
5 17;
11 20;
8 21;
14 3
5 809;
14 8190
1 809;
3 777;
+0
4 16;
5 778;
4 765;
5 16;
4 776;
5 17;
11 20;
8 21;
14 3
5 809;
14 8190
1 809;
+0
4 16;
5 779;
4 17;
1 778;
5 776;
4 779;
7 701;
0 779;
B4 735;
15 6144
10 775;
10 773;
8 650;
4 774;
9 694;
0 557;
B8 1
4 732;
15 6144
10 775;
10 774;
4 772;
5 773;
8 650;
4 775;
7 688;
4 735;
8 686;
4 736;
15 6144
4 773;
7 713;
4 735;
15 6144
10 773;
8 707;
4 774;
7 529;
4 732;
15 6144
10 774;
4 772;
5 773;
8 707;
+45
+2048
+144
+18
+122880
+2047
+6144
+4096
+46
-22
-1
+63
+131071
8 0
+48
+33
+34
+51
+36
+53
+54
+39
+40
+57
+76293
+123904
+7629
+51712
+762
+123136
+76
+38528
+7
+82496
+0
+100000
+0
+10000
+0
+1000
+0
+100
+0
+10
+0
+1
+0
+0
+0
+0
+0
+0
+0
+0
+0
+0
+0
+0
+0
+0
+0
+0
+2
+0
+1
+0
+9
+0
+86
+0
+859
+0
+8590
+0
+85899
+6
+72562
+65
+70255
+655
+47186
+6553
+78644
+65536
+0
+0
15 6144
8 599;
+0
+0
5 809;
8 582;
+0
+0
+0
4 906;
5 940;
5 949;
5 944;
5 945;
5 941;
8 830;
1 951;
7 854;
1 154;
7 982;
1 154;
7 884;
4 906;
15 2048
2 954;
9 823;
2 952;
9 829;
5 948;
10 949;
0 945;
14 1
4 944;
14 1
3 945;
5 944;
14 2
3 17;
1 944;
5 944;
4 17;
1 945;
9 862;
1 948;
9 865;
5 945;
4 906;
15 2048
7 854;
5 948;
2 954;
9 984;
2 952;
9 984;
8 835;
10 944;
6 960;
8 850;
10 944;
6 960;
8 852;
4 941;
7 871;
8 993;
4 949;
7 884;
5 943;
4 730;
5 941;
4 945;
5 883;
4 944;
7 881;
8 993;
5 945;
8 853;
+0
10 941;
8 854;
4 949;
7 993;
4 941;
7 930;
4 949;
2 953;
9 993;
4 941;
9 918;
4 949;
0 906;
14 1
5 949;
11 20;
8 21;
0 949;
/4 960;
5 942;
4 944;
13 942;
+0
4 941;
9 921;
4 940;
7 915;
11 20;
8 21;
2 946;
+0
4 813;
5 20;
8 995;
4 943;
2 949;
8 896;
4 17;
6 958;
7 925;
10 16;
4 16;
5 17;
4 883;
5 16;
8 909;
11 20;
8 21;
4 944;
2 960;
+0
9 993;
4 945;
5 17;
4 944;
8 928;
+0
+0
+0
+0
+0
+0
+0
+0
+0
+0
+2
+4
+9
+10
+25
+29
+33
+63
+65536
+0
+131071
+131071
+0
+10
+0
+100
+0
+1000
+0
+10000
+0
+100000
+7
+82496
+76
+38528
+762
+123136
+7629
+51712
+76293
+123904
10 940;
8 854;
4 948;
2 950;
7 886;
1 955;
7 868;
1 956;
7 854;
1 957;
7 854;
15 6144
8 993;
4 16;
8 21;
)