
+0
4 233,10
5 166,
15 2048
7 3,
5 154,
2 126,
7 12,
1 231,10
7 120,
8 164,
+6
5 1,10
5 2,10
5 167,
5 153,
15 2048
5 154,
7 16,
2 124,
7 16,
2 125,
7 61,
8 32,
4 233,10
15 2048
7 25,
5 154,
2 124,
7 25,
2 125,
7 63,
1 126,
7 200,
4 127,
2 154,
9 122,
2 128,
9 122,
4 127,
2 154,
5 154,
0 2,10
14 1
4 1,10
14 1
3 2,10
5 1,10
14 2
3 15,10
11 0,10
8 3,10
4 2,10
1 154,
9 129,
5 2,10
8 155,
2 134,
7 122,
10 167,
8 24,
10 153,
8 25,
4 153,
7 66,
8 122,
4 232,10
5 153,
4 167,
5 77,
8 192,
4 2,10
5 132,
4 233,10
5 167,
5 2,10
8 25,
+0
+0
4 167,
14 1
5 1
/4 131,
5 62,10
/4 132,
5 63,10
4 1,10
5 58,10
4 2,10
5 59,10
11 257,10
8 258,10
4 153,
9 111,
4 166,
7 106,
4 233,10
5 18,10
5 19,10
4 244,10
5 15,10
4 243,10
11 0,10
8 20,10
0 0,
/8 1
4 244,10
5 15,10
4 243,10
5 18,10
8 104,
4 243,10
5 244,10
4 132,
5 243,10
8 94,
4 2,10
5 244,10
4 1,10
8 114,
10 166,
8 12,
15 6144
8 122,
+127
+96
+29
+16
+9
10 1,10
6 17,10
8 55,
+0
+0
+10
+0
+100
+0
+1000
+0
+10000
+0
+100000
+7
+82496
+76
+38528
+762
+123136
+7629
+51712
+76293
+123904
+0
+0
4 153,
7 159,
4 167,
8 57,
4 167,
2 163,
7 122,
8 168,
+11
4 233,10
8 3,
+0
+0
2 231,10
7 171,
8 59,
4 190,
5 18,10
4 191,
5 19,10
4 2,10
5 15,10
5 189,
4 1,10
5 188,
11 0,10
8 20,10
9 122,
4 188,
5 1,10
4 189,
5 2,10
8 59,
+0
+0
+131071
+131071
2 11,
7 196,
9 122,
8 71,
4 2,10
2 190,
9 122,
8 71,
4 153,
7 116,
1 11,
7 205,
8 79,
4 77,
1 167,
2 134,
9 122,
8 79,
