
+0
+0
+0
5 1,
4 315,
5 353,
4 1,
5 354,
4 2,
5 355,
0 0,
/4 1
6 309,
14 8179
5 351,
/4 1
6 310,
5 352,
/4 1
9 93,
4 307,
15 6144
4 1,
9 95,
4 305,
15 6144
0 0,
/4 1
6 311,
7 115,
4 351,
2 350,
5 356,
4 351,
1 352,
2 350,
14 1
5 390,
/4 1
6 306,
0 390,
7 58,
/4 389,
5 2,10
4 350,
5 1,10
4 355,
5 15,10
4 354,
11 0,10
8 3,10
9 63,
5 354,
4 2,10
5 355,
0 0,
/4 1
8 67,
/4 389,
5 1,10
/4 388,
5 2,10
8 46,
4 350,
5 353,
4 1,10
8 52,
6 306,
7 118,
4 315,
5 353,
4 355,
5 366,
4 354,
5 355,
4 350,
5 354,
11 121,
8 122,
4 351,
2 350,
5 356,
4 366,
5 354,
4 350,
5 355,
11 121,
8 226,
4 1,
0 0,
10 0,
10 0,
/8 2
4 308,
8 21,
6 317,
7 110,
4 350,
5 18,10
5 19,10
4 2,
5 15,10
4 1,
11 0,10
8 20,10
5 354,
4 15,10
5 355,
4 313,
8 25,
4 2,
7 113,
8 97,
10 353,
8 108,
11 121,
8 122,
8 88,
11 121,
8 226,
8 88,
+0
4 351,
2 352,
5 356,
9 223,
4 356,
14 1
2 350,
5 1
/4 350,
5 35,10
/4 349,
5 36,10
4 318,
11 0,10
8 37,10
5 1,10
4 355,
5 15,10
4 354,
11 0,10
8 3,10
5 354,
4 2,10
5 355,
4 314,
5 357,
4 350,
5 358,
4 354,
5 18,10
4 355,
5 19,10
4 350,
5 359,
0 357,
/4 351,
5 15,10
/4 352,
11 0,10
8 20,10
9 167,
10 359,
4 15,10
5 19,10
8 156,
5 1,10
4 15,10
5 2,10
0 357,
/4 351,
5 15,10
/4 352,
11 0,10
8 3,10
5 18,10
4 2,10
5 19,10
4 358,
7 183,
4 359,
8 185,
4 359,
7 209,
5 1
/4 319,
8 391,
10 358,
10 357,
10 357,
4 352,
14 1
1 357,
7 203,
4 356,
14 1
1 357,
7 201,
4 357,
9 154,
0 121,
/8 1
4 352,
7 195,
4 316,
15 6144
10 358,
8 195,
4 354,
7 214,
4 307,
15 6144
8 189,
4 355,
7 217,
8 211,
4 357,
1 367,
7 221,
8 211,
4 319,
8 187,
4 350,
5 356,
8 126,
4 352,
2 350,
5 357,
4 315,
5 358,
4 353,
7 289,
4 350,
5 359,
4 354,
5 360,
4 355,
5 361,
4 357,
7 274,
4 350,
0 361,
14 4
5 1,10
3 2,10
14 8190
3 15,10
11 0,10
8 3,10
5 362,
4 2,10
5 361,
4 350,
0 360,
14 4
5 1,10
3 2,10
14 8190
3 15,10
11 0,10
8 3,10
5 363,
4 2,10
1 362,
5 360,
4 363,
7 285,
5 1
/4 319,
15 6144
10 359,
10 357,
8 239,
4 358,
9 278,
0 121,
/8 1
4 316,
15 6144
10 359,
10 358,
4 356,
5 357,
8 239,
4 359,
7 272,
4 319,
8 270,
4 320,
15 6144
4 357,
7 297,
4 319,
15 6144
10 357,
8 291,
4 358,
7 88,
4 316,
15 6144
10 358,
4 356,
5 357,
8 291,
+45
+2048
+144
+18
+122880
+2047
+6144
+4096
+46
-22
-1
+63
+131071
+.5
+48
+33
+34
+51
+36
+53
+54
+39
+40
+57
+123904
+76293
+51712
+7629
+123136
+762
+38528
+76
+82496
+7
+100000
+0
+10000
+0
+1000
+0
+100
+0
+10
+0
+1
+0
+0
+0
+0
+0
+0
+0
+0
+0
+0
+0
+0
+0
+0
+0
+0
+0
+2
+1
+0
+9
+0
+86
+0
+859
+0
+8590
+0
+85899
+0
+72562
+6
+70255
+65
+47186
+655
+78644
+6553
+0
+65536
+0
15 6144
8 188,
)
