'EXAMPLE 12@
26   4   72
4
2
60
0
1     2   10
2     3   17
3     9    3
9    10    1
1     5    7
1     4   10
4     5    1
4     6    3
3     8   23
7    17   12
5     7    5
6     7    4
4     9    0
6     8    3
8    15    6
8    12   33
9    11    6
10   20    2
11   13   10
12   13    8
8    14    4
17   18    5
15   16    8
16   23   24
14   16    5
13   16    0
20   21    7
13   22    1
13   21    6
13   23    5
18   24   10
23   24   14
16   24   11
24   32    3
24   30    5
25   30    7
21   25    4
23   25   19
22   25    2
21   26    9
25   27   15
26   28    3
27   28    1
27   35   37
25   29    8
29   35    9
32   33    2
33   37    3
37   38   12
35   36   12
30   34    8
34   37    4
29   34    2
29   37   11
35   37    5
36   38    6
28   36    2
1    19    0
19   31    0
31   38    0
0
<! Halt !>