16
9    1
10   1
11   1
12   1
13   1
14   1
15   1
16   1
1    4
2    2
3    3
4    5
5    6
6    3
7    2
8    4
16
57   4
58   2
59   3
60   5
61   6
62   3
63   2
64   4
49   1
50   1
51   1
52   1
53   1
54   1
55   1
56   1
20
7    0  1   9  17
60   0  1  10  18
205  0  1  11  19
300  0  1  12  20
425  0  1  13  21
150  0  1  14  22
175  0  1  15  23
9    0  1  16  24
105  0  1   9  25
425  0  1  10  26
600  0  1  11  27
750  0  1  12  28
800  0  1  13  29
700  0  1  14  30
595  0  1  15  31
205  0  1  16  32
500  0  2   2  19
300  0  2   2  17
500  0  2   7  24
425  0  2   7  22
1  1  53  37
2
700  0  3   6  27
650  0  5   4  22
1  3  62  44
3
417  0  5   4  22
597  0  2   7  22
523  0  1  12  28
1  2  63  48
2
800  0  69  0   0
799  0  5   4  22
-1
<! Halt !>