'EXAMPLE 4@
16  3  72
5
6
83
0
1     3    6
1     2    7
1    13    9
3     7   16
3     5    5
2     4    6
2     6   10
13   15    4
13   19    8
7    10   11
7     8    0
5    30   19
5    18    4
4     5    9
4     9    9
4    15   12
6    13   10
15   20   13
15   18    5
19   25    3
19   27   25
10   11    4
10   25   11
8    14    9
8    12    5
8    11    8
30   35    6
18   22    6
9    10    8
19   20    6
14   17    2
12   17    8
11   16    6
16   17   10
17   30    8
16   35   15
16   23    3
23   30   10
23   31    7
23   32    8
23   33    6
23   28    1
22   23    3
31   32    2
28   29    2
24   28    1
22   24    2
24   27    3
27   29    4
20   24    7
20   21    4
21   24    0
21   26    5
25   26    7
26   27   10
35   38   10
31   35    9
32   36    8
36   38    7
34   37    6
37   38    5
32   34    5
33   34    7
29   34    8
27   34   10
27   39   25
38   40   30
39   40    0
40   41   10
40   42    7
40   43    3
41   47   21
42   44    8
42   45   12
44   46   11
45   46    3
46   47    1
47   48    6
43   48   23
39   49   25
48   50   19
48   49    0
49   50    1
0
<! Halt !>