
3
3   1   2   11
1   2   3   14
2   3   1   11


3
2   3   4   20
1   3   2   13
4   6   8   40



4
1.33    4.4    3.5    2    10.14
0.5    -2      7.3   10    18.96
6     0.333    -15   7.31   -108.29159
-1     1.77    0.5    -0.6   1.9079


15
2   1   1   1   1   1   1   1   1   1   1   1   1   1   1   121
1   2   1   1   1   1   1   1   1   1   1   1   1   1   1   122
1   1   2   1   1   1   1   1   1   1   1   1   1   1   1   123
1   1   1   2   1   1   1   1   1   1   1   1   1   1   1   124
1   1   1   1   2   1   1   1   1   1   1   1   1   1   1   125
1   1   1   1   1   2   1   1   1   1   1   1   1   1   1   126
1   1   1   1   1   1   2   1   1   1   1   1   1   1   1   127
1   1   1   1   1   1   1   2   1   1   1   1   1   1   1   128
1   1   1   1   1   1   1   1   2   1   1   1   1   1   1   129
1   1   1   1   1   1   1   1   1   2   1   1   1   1   1   130
1   1   1   1   1   1   1   1   1   1   2   1   1   1   1   131
1   1   1   1   1   1   1   1   1   1   1   2   1   1   1   132
1   1   1   1   1   1   1   1   1   1   1   1   2   1   1   133
1   1   1   1   1   1   1   1   1   1   1   1   1   2   1   134
1   1   1   1   1   1   1   1   1   1   1   1   1   1   2   135

0
