
&
+8
*
4 147,
5 2
4 148,
5 4
4 149,
5 6
4 150,
15 6144
4 165,
15 7168
5 165,
4 152,
15 6144
4 156,
15 6144
11 137,
4 137,
2 0
6 162,
1 168,
7 23,
4 152,
8 138,
0 137,
4 1
2 137,
7 29,
4 152,
8 144,
14 4095
10 163,
4 163,
9 29,
4 164,
5 163,
4 152,
15 6144
4 157,
15 6144
4 151,
15 6144
8 8,
4 166,
15 7168
5 166,
4 153,
15 6144
4 156,
15 6144
11 137,
4 137,
2 2
6 162,
1 168,
7 57,
4 153,
8 138,
0 137,
4 3
2 137,
7 63,
4 153,
8 144,
14 4095
10 163,
4 163,
9 63,
4 164,
5 163,
4 153,
15 6144
4 157,
15 6144
4 151,
15 6144
8 42,
4 167,
15 7168
5 167,
4 154,
15 6144
4 156,
15 6144
11 137,
4 137,
2 4
6 162,
1 168,
7 91,
4 154,
8 138,
0 137,
4 5
2 137,
7 97,
4 154,
8 144,
14 4095
10 163,
4 163,
9 97,
4 164,
5 163,
4 154,
15 6144
4 157,
15 6144
4 151,
15 6144
8 76,
4 150,
15 6144
4 155,
15 6144
4 158,
15 6144
11 137,
4 137,
2 6
6 162,
1 168,
7 124,
4 155,
8 138,
0 137,
4 7
2 137,
7 130,
4 155,
8 144,
14 4095
10 163,
4 163,
9 130,
4 164,
5 163,
8 110,
+0
15 6144
4 159,
15 6144
4 160,
15 6144
8 143,
15 6144
4 161,
8 140,
0 44,
0 78,
0 110,
+18
+144
+33
+34
+51
+36
+99
+116
+114
+65
+85
+66
+8191
-135
-135
+0
+0
+0
-2
)
