
(( ALGOL T23 loader )

( reverse engineered from ALGOL TAPE 2 Issue 6 )
( A. J. HERBERT 03/06/2013                     )

^8124

[ ALGT23 ]
ALGT23    0     8179
          8     8182
          -5
          8     8177
          8     8181
          /5    2
          10    1
          8     8175
          0     8179
          8     8182
          -45
(8135^00) 4     8179
          15    2048
          7     8136
          5     8173
          6     8178
          7     8151
          4     8173
          15    2048
          15    2048
          7     8160
          5     8174
          1     8176
          5     8176
          4     8179
          15    2048
          8     8138
          0     8174
          4     8173
          15    2048
          15    2048
          /5    0
          1     8175
          5     8175
          10    8174
          8     8148
          15    2048
          15    2048
          15    2048
          2     8175
          7     8167
          15    6144
          8     8165
          15    2048
          15    2048
          15    2048
          2     8176
          7     8171
          8     8165
          +128
          0     8136
          +0
          +0
          8     8135
          +128
          +0
<! Halt !>
